0.470355 -0.881335 0.0448878 -0.687894 0.882417 0.470309 -0.0122519 -0.560993 -0.0103131 0.0453724 0.998917 -0.779563
0.471592 -0.880638 0.0455982 -0.25465 0.881743 0.471594 -0.0113917 0.279371 -0.0114718 0.045578 0.998895 -0.778544
0.472708 -0.880109 0.0442344 0.183534 0.881171 0.472611 -0.0132826 1.12549 -0.00921558 0.0452568 0.998933 -0.780502
0.47367 -0.879757 0.040805 0.627322 0.880693 0.473373 -0.0172808 1.97905 -0.00411304 0.044122 0.999018 -0.785054
0.474815 -0.879201 0.039453 1.07261 0.880086 0.474365 -0.0206885 2.83616 -0.00052579 0.0445452 0.999007 -0.787824
0.475493 -0.878719 0.0419481 1.51923 0.879719 0.475029 -0.0210463 3.69506 -0.00143282 0.0469098 0.998898 -0.786276
0.475203 -0.878676 0.0459444 1.96829 0.879854 0.474913 -0.0177469 4.55377 -0.00622584 0.0488577 0.998786 -0.781704
0.474341 -0.878874 0.0508071 2.41855 0.880281 0.474194 -0.0156743 5.4168 -0.0103167 0.0521595 0.998585 -0.777214
0.473493 -0.878917 0.0575226 2.87238 0.880738 0.47321 -0.0193203 6.28426 -0.0102393 0.0598103 0.998157 -0.774585
0.472249 -0.879541 0.0582128 3.33044 0.881443 0.471676 -0.0240799 7.15689 -0.0062783 0.0626829 0.998014 -0.7768
0.471033 -0.880366 0.0555339 3.78957 0.882114 0.470229 -0.0275712 8.03489 -0.0018409 0.0619741 0.998076 -0.780665
0.469382 -0.881327 0.0542619 4.25639 0.882996 0.468511 -0.0285733 8.93195 -0.00023985 0.0613247 0.998118 -0.782198
0.46837 -0.881795 0.0553833 4.73907 0.88353 0.467614 -0.0267024 9.8691 -0.00235193 0.0614393 0.998108 -0.780445
0.467331 -0.882422 0.0541713 5.21593 0.884066 0.466819 -0.0225214 10.7938 -0.00541484 0.0584159 0.998278 -0.779028
0.466163 -0.883022 0.0544487 5.69159 0.884676 0.465716 -0.0214 11.7217 -0.00646098 0.0581453 0.998287 -0.778273
0.465182 -0.883513 0.0548641 6.16288 0.885173 0.46487 -0.0191024 12.6389 -0.00862747 0.0574502 0.998311 -0.776752
0.464969 -0.883475 0.0572442 6.63082 0.88524 0.464858 -0.0160441 13.5593 -0.0124358 0.0581348 0.998231 -0.773394
0.464462 -0.884002 0.0530558 7.09416 0.885481 0.464524 -0.0119172 14.4697 -0.0141108 0.0525149 0.99852 -0.773996
0.46448 -0.884027 0.0524803 7.55419 0.885465 0.464573 -0.0111501 15.3843 -0.0145239 0.0516484 0.99856 -0.773962
0.464406 -0.884098 0.0519438 8.01244 0.88553 0.464409 -0.0127404 16.2905 -0.0128595 0.0519144 0.998569 -0.775239
0.464657 -0.884159 0.0485617 8.46754 0.885434 0.464553 -0.0140768 17.1945 -0.0101133 0.0495389 0.998721 -0.77832
0.463877 -0.884576 0.0484167 8.92219 0.885846 0.463759 -0.0143264 18.0881 -0.00978089 0.0495354 0.998724 -0.778597
0.462676 -0.885061 0.0509718 9.37545 0.886456 0.462604 -0.0139179 18.9782 -0.0112616 0.0516237 0.998603 -0.776661
0.461876 -0.885461 0.0512738 9.82441 0.886861 0.461856 -0.0129618 19.8665 -0.0122039 0.0514594 0.9986 -0.775949
0.461652 -0.885766 0.047925 10.2695 0.887002 0.461572 -0.0133899 20.7521 -0.0102605 0.048691 0.998761 -0.778507
0.461151 -0.886185 0.0448973 10.7117 0.887308 0.46084 -0.0176521 21.6363 -0.00504748 0.0479779 0.998836 -0.783015
0.460744 -0.886444 0.0439574 11.1548 0.887525 0.460391 -0.0184546 22.5156 -0.0038786 0.0475161 0.998863 -0.78413
0.46039 -0.886536 0.0457695 11.5961 0.88769 0.460167 -0.0159133 23.3896 -0.00695394 0.0479554 0.998825 -0.781476
0.460051 -0.886503 0.0496616 12.0323 0.887837 0.459931 -0.014499 24.2596 -0.00998749 0.0507616 0.998661 -0.778028
0.459776 -0.886549 0.0513489 12.4683 0.887967 0.459688 -0.0142096 25.1276 -0.011007 0.0521293 0.99858 -0.776721
0.459676 -0.886467 0.0536068 12.9013 0.888028 0.459503 -0.0162546 25.9909 -0.0102233 0.0550761 0.99843 -0.776336
0.45927 -0.886546 0.0557554 13.3392 0.888257 0.458943 -0.0192973 26.8544 -0.00848063 0.0583877 0.998258 -0.776598
0.458221 -0.886976 0.0575087 13.772 0.888792 0.457902 -0.019378 27.7096 -0.00914551 0.0599926 0.998157 -0.77549
0.457128 -0.887231 0.0620957 14.2034 0.889301 0.457009 -0.0169247 28.5643 -0.0133622 0.0629585 0.997927 -0.770981
0.456443 -0.887277 0.0663373 14.6284 0.889555 0.456644 -0.0129905 29.4191 -0.0187663 0.06494 0.997713 -0.765826
0.45587 -0.887576 0.0662706 15.0506 0.889798 0.456239 -0.010349 30.2707 -0.0210497 0.0636851 0.997748 -0.764394
0.454623 -0.888399 0.0637642 15.476 0.89049 0.454852 -0.0117281 31.1156 -0.0185841 0.0621132 0.997896 -0.766999
0.45357 -0.889288 0.0586656 15.9013 0.891159 0.45333 -0.0181037 31.9523 -0.0104955 0.0604916 0.998113 -0.774233
0.452777 -0.889923 0.0550451 16.321 0.891613 0.452214 -0.0230024 32.7785 -0.00442184 0.0594938 0.998219 -0.779552
0.451576 -0.890779 0.0509092 16.7296 0.892218 0.451162 -0.0200037 33.5932 -0.00514944 0.0544552 0.998503 -0.780743
0.450684 -0.891322 0.0492887 17.1319 0.892649 0.450467 -0.0160583 34.3946 -0.00788977 0.0512347 0.998655 -0.779639
0.449397 -0.892058 0.0476887 17.5268 0.893279 0.449312 -0.0131039 35.1844 -0.0097377 0.0484881 0.998776 -0.779087
0.448313 -0.892631 0.0471757 17.9144 0.893833 0.448188 -0.013787 35.9653 -0.00883682 0.048348 0.998791 -0.779878
0.446834 -0.893417 0.0463341 18.2944 0.894566 0.446763 -0.0124543 36.7329 -0.00957352 0.0470138 0.998848 -0.779741
0.445465 -0.894141 0.045538 18.6678 0.895242 0.445439 -0.011288 37.489 -0.0101913 0.0457959 0.998899 -0.779661
0.443999 -0.894838 0.0461467 19.0345 0.895959 0.444015 -0.0104684 38.2336 -0.0111223 0.0459934 0.99888 -0.778836
0.442675 -0.895453 0.0469476 19.3954 0.896605 0.442716 -0.0100692 38.9684 -0.011768 0.0465508 0.998847 -0.77812
0.441352 -0.896151 0.0460699 19.7486 0.897225 0.441517 -0.00708302 39.6886 -0.0139932 0.0444612 0.998913 -0.777017
0.44017 -0.896702 0.0466611 20.0942 0.897725 0.44055 -0.00234267 40.3994 -0.0184559 0.0429199 0.998908 -0.773875
0.438433 -0.897611 0.0455043 20.4392 0.898532 0.438909 0.000528601 41.094 -0.0204467 0.0406552 0.998964 -0.773007
0.437091 -0.898475 0.0411597 20.7712 0.899255 0.437424 -0.00100719 41.7778 -0.0170993 0.0374532 0.999152 -0.77686
0.436103 -0.899143 0.0368357 21.0951 0.899844 0.436156 -0.007014 42.4489 -0.00975954 0.0362052 0.999297 -0.783314
0.434839 -0.89983 0.0349554 21.4071 0.900499 0.434683 -0.0123373 43.1016 -0.00409306 0.036842 0.999313 -0.78773
0.434421 -0.900097 0.033219 21.7085 0.900709 0.434193 -0.0141708 43.7365 -0.0016684 0.0360767 0.999348 -0.789964
0.433692 -0.900469 0.0326679 21.9979 0.901049 0.433593 -0.0104249 44.3464 -0.0047773 0.0339565 0.999412 -0.788152
0.432488 -0.901024 0.0333088 22.2798 0.901605 0.432503 -0.00712328 44.9358 -0.00798791 0.033112 0.99942 -0.78582
0.431348 -0.901525 0.0345311 22.5546 0.90217 0.431249 -0.0106288 45.5122 -0.00530933 0.0357376 0.999347 -0.787132
0.431359 -0.901331 0.03915 22.8201 0.902181 0.430977 -0.0181541 46.0755 -0.00050986 0.0431512 0.999068 -0.788527
0.432266 -0.900844 0.0403218 23.0778 0.901732 0.431576 -0.0249372 46.6237 0.00506263 0.0471389 0.998875 -0.791669
0.434802 -0.899694 0.0387129 23.327 0.900507 0.43411 -0.0252235 47.1561 0.00588784 0.0458284 0.998932 -0.792791
0.438171 -0.89821 0.0350222 23.5708 0.898888 0.437718 -0.0200962 47.6721 0.00272076 0.0402865 0.999184 -0.792133
0.442189 -0.896136 0.0375336 23.8079 0.896922 0.441826 -0.0179253 48.1741 -0.000519792 0.041591 0.999135 -0.789071
0.446771 -0.893601 0.0432836 24.0454 0.894637 0.446489 -0.0165159 48.6611 -0.00456702 0.0461019 0.998926 -0.784242
0.453675 -0.889826 0.0488745 24.2755 0.891122 0.453524 -0.0147853 49.1384 -0.00900941 0.0502608 0.998695 -0.779184
0.462783 -0.88525 0.0465246 24.5042 0.886426 0.462655 -0.014144 49.6063 -0.00900383 0.0477862 0.998817 -0.780051
0.475609 -0.87869 0.0412416 24.7234 0.879611 0.475541 -0.0120876 50.0696 -0.00899085 0.0420255 0.999076 -0.782042
0.491218 -0.870255 0.0368944 24.9425 0.870979 0.491232 -0.00930682 50.5188 -0.0100244 0.0367059 0.999276 -0.783003
0.509619 -0.859577 0.0376426 25.1627 0.86033 0.509649 -0.00949661 50.9542 -0.0110215 0.0372246 0.999246 -0.782016
0.531303 -0.8462 0.0407729 25.3845 0.847087 0.531348 -0.0106246 51.377 -0.0126741 0.040183 0.999112 -0.779664
0.555347 -0.830536 0.042439 25.6125 0.831484 0.555452 -0.0103625 51.7889 -0.0149664 0.0410421 0.999045 -0.777493
0.5818 -0.812188 0.0431309 25.8472 0.813147 0.581981 -0.00951698 52.1932 -0.0173718 0.0406087 0.999024 -0.775664
0.611125 -0.79036 0.0431015 26.0915 0.791304 0.611354 -0.00918085 52.5886 -0.0190941 0.039717 0.999029 -0.774549
0.642896 -0.764782 0.0423398 26.3447 0.765691 0.643142 -0.00935885 52.9768 -0.020073 0.0384359 0.999059 -0.774178
0.676468 -0.735278 0.0419187 26.6089 0.736167 0.67673 -0.00975219 53.3511 -0.0211971 0.0374561 0.999073 -0.773583
0.711596 -0.701519 0.0387515 26.8866 0.702286 0.711827 -0.00990144 53.7095 -0.0206383 0.0342604 0.9992 -0.775123
0.748286 -0.662412 0.0357679 27.1762 0.663102 0.748439 -0.0116066 54.0555 -0.0190818 0.0324027 0.999293 -0.777033
0.785228 -0.61829 0.0336827 27.4773 0.618938 0.785329 -0.0132425 54.3832 -0.0182643 0.0312458 0.999345 -0.778097
0.821139 -0.569871 0.0312704 27.7918 0.57046 0.821201 -0.0143161 54.6901 -0.017521 0.029594 0.999408 -0.779261
0.855393 -0.517184 0.0287118 28.1194 0.517722 0.855403 -0.0158249 54.9766 -0.0163757 0.0284011 0.999462 -0.780603
0.887019 -0.460924 0.0273396 28.4604 0.461478 0.886943 -0.0192576 55.2392 -0.0153723 0.0296984 0.999441 -0.781004
0.91482 -0.40304 0.0257408 28.8127 0.403574 0.914716 -0.0205799 55.4757 -0.015251 0.0292151 0.999457 -0.781266
0.938646 -0.3439 0.0260242 29.1758 0.344451 0.938572 -0.0208779 55.6873 -0.0172457 0.0285609 0.999443 -0.779843
0.958446 -0.284036 0.0265466 29.5532 0.284565 0.958473 -0.0187994 55.8709 -0.0201045 0.0255724 0.999471 -0.778468
0.974257 -0.223891 0.0263998 29.9393 0.224415 0.974312 -0.0188431 56.0309 -0.0215028 0.0242825 0.999474 -0.777736
0.986105 -0.16428 0.0246969 30.3377 0.164822 0.986082 -0.021809 56.1617 -0.0207704 0.0255765 0.999457 -0.777921
0.994032 -0.106565 0.0233405 30.738 0.107193 0.993857 -0.027553 56.2682 -0.0202609 0.0298904 0.999348 -0.776924
0.998461 -0.0512723 0.0211621 31.1418 0.0518147 0.99832 -0.0259309 56.3449 -0.019797 0.0269874 0.99944 -0.778268
0.99981 0.00287339 0.0192796 31.5517 -0.00246717 0.999775 -0.0210606 56.4004 -0.0193358 0.021009 0.999592 -0.780602
0.998426 0.053484 0.0168961 31.9644 -0.0531615 0.998406 -0.0189894 56.4326 -0.0178848 0.0180612 0.999677 -0.782753
0.994922 0.0995753 0.0146521 32.3717 -0.099197 0.994764 -0.0246105 56.4404 -0.017026 0.0230321 0.99959 -0.781855
0.989795 0.141807 0.0140391 32.7792 -0.141175 0.989224 -0.0388125 56.427 -0.0193917 0.0364344 0.999148 -0.775469
0.983772 0.17885 0.0143375 33.1815 -0.17806 0.983007 -0.0446277 56.3892 -0.0220756 0.0413505 0.998901 -0.771587
0.97716 0.212206 0.0113329 33.5914 -0.211578 0.976482 -0.0414456 56.3376 -0.0198614 0.0381011 0.999076 -0.774522
0.969959 0.243105 0.00899178 34.0023 -0.242754 0.969645 -0.0293277 56.2708 -0.0158485 0.0262638 0.999529 -0.781774
0.962445 0.271384 0.00710182 34.4121 -0.271178 0.962283 -0.0217972 56.1891 -0.0127494 0.0190527 0.999737 -0.786668
0.955103 0.296243 0.00433364 34.8244 -0.296087 0.954916 -0.0216274 56.0891 -0.0105453 0.0193732 0.999757 -0.788373
0.947717 0.319112 0.000200574 35.238 -0.318998 0.947396 -0.0260876 55.9744 -0.00851487 0.0246596 0.99966 -0.788319
0.940988 0.338293 -0.00999391 35.6629 -0.338439 0.940468 -0.0313039 55.8386 -0.00119096 0.0328389 0.99946 -0.791584
0.934097 0.356527 -0.0187359 36.0942 -0.356953 0.933646 -0.0298405 55.6924 0.00685372 0.0345617 0.999379 -0.797512
0.927564 0.373162 -0.0194024 36.5295 -0.373579 0.927219 -0.0265505 55.5349 0.00808262 0.0318755 0.999459 -0.799398
0.921666 0.387748 -0.0135431 36.9671 -0.387976 0.921322 -0.025317 55.364 0.00266094 0.0285882 0.999588 -0.796117
0.915863 0.401359 -0.0103255 37.41 -0.40149 0.915483 -0.0264063 55.179 -0.00114558 0.0283301 0.999598 -0.79312
0.910302 0.41384 -0.00935495 37.8608 -0.413932 0.909851 -0.0288562 54.9813 -0.00343025 0.0301401 0.99954 -0.790667
0.905277 0.424693 -0.0104738 38.3196 -0.424801 0.904713 -0.0322341 54.7697 -0.00421382 0.03363 0.999425 -0.788869
0.90074 0.434173 -0.0126964 38.7901 -0.434343 0.900082 -0.0346161 54.5444 -0.00360156 0.0366946 0.99932 -0.788341
0.896942 0.441911 -0.0144914 39.2706 -0.442139 0.896223 -0.0360319 54.3064 -0.00293539 0.0387256 0.999246 -0.788198
0.894224 0.447347 -0.015669 39.7615 -0.447613 0.893451 -0.0372555 54.055 -0.00266661 0.0403283 0.999183 -0.787875
0.891582 0.452524 -0.0174381 40.2666 -0.452857 0.890778 -0.0378809 53.7943 -0.00160847 0.0416708 0.99913 -0.788279
0.888682 0.458148 -0.0185726 40.7889 -0.458523 0.88789 -0.0375315 53.5222 -0.000704514 0.0418695 0.999123 -0.788946
0.886509 0.462289 -0.019793 41.3259 -0.462712 0.885631 -0.0394511 53.2382 -0.000708469 0.0441321 0.999025 -0.788171
0.884843 0.465436 -0.0205434 41.8698 -0.465888 0.883897 -0.0409283 52.9384 -0.000891214 0.045786 0.998951 -0.787456
0.883202 0.468531 -0.0207922 42.431 -0.468991 0.882208 -0.0419095 52.6296 -0.00129283 0.0467659 0.998905 -0.786794
0.881697 0.471346 -0.0210695 43.004 -0.471813 0.880628 -0.0434412 52.3072 -0.00192139 0.0482428 0.998834 -0.785775
0.880979 0.472595 -0.023027 43.5905 -0.473151 0.879704 -0.0474312 51.9772 -0.00215881 0.0526811 0.998609 -0.78404
0.88103 0.472416 -0.0247052 44.186 -0.473056 0.879556 -0.0509832 51.6339 -0.00235567 0.0566045 0.998394 -0.782505
0.881806 0.47092 -0.0255704 44.7981 -0.471608 0.880222 -0.0528827 51.2828 -0.00239589 0.0586914 0.998273 -0.781736
0.883243 0.468139 -0.026996 45.4253 -0.468913 0.881531 -0.0549967 50.9259 -0.00194832 0.0612341 0.998122 -0.781198
0.884978 0.464837 -0.0272256 46.0665 -0.46563 0.88321 -0.05594 50.5599 -0.00195705 0.0621827 0.998063 -0.780854
0.886737 0.461522 -0.0263509 46.7255 -0.462261 0.88484 -0.0580813 50.1948 -0.00348949 0.0636838 0.997964 -0.779074
0.888532 0.458131 -0.0250437 47.3983 -0.45879 0.886585 -0.0589874 49.8252 -0.00482057 0.0639019 0.997944 -0.777915
0.890399 0.454662 -0.0217344 48.0873 -0.455128 0.888551 -0.0577641 49.452 -0.00695102 0.061325 0.998094 -0.777101
0.892223 0.45115 -0.0200719 48.785 -0.451524 0.890406 -0.0574727 49.0786 -0.00805665 0.0603413 0.998145 -0.776551
0.89402 0.447599 -0.0195872 49.4946 -0.44797 0.892349 -0.0551001 48.7033 -0.00718413 0.058035 0.998289 -0.778084
0.895522 0.444506 -0.0213306 50.2125 -0.445 0.894023 -0.0519481 48.3293 -0.00402119 0.0560127 0.998422 -0.781379
0.896141 0.443115 -0.0240958 50.9409 -0.443766 0.895036 -0.0445313 47.9541 0.00183412 0.0505992 0.998717 -0.788027
0.89599 0.443345 -0.025461 51.6721 -0.444051 0.895069 -0.0408761 47.5799 0.0046671 0.0479305 0.99884 -0.791244
0.896024 0.443331 -0.0245009 52.4023 -0.443981 0.895203 -0.0386304 47.2058 0.00480726 0.0454917 0.998953 -0.792201
0.896003 0.443567 -0.0206901 53.1303 -0.444044 0.895231 -0.0372409 46.8332 0.00200359 0.0425552 0.999092 -0.790945
0.895934 0.443715 -0.0205107 53.8596 -0.444187 0.89512 -0.0381909 46.4605 0.0014137 0.043327 0.99906 -0.790208
0.896019 0.443632 -0.018473 54.5862 -0.444016 0.89526 -0.0368831 46.0846 0.000175584 0.0412502 0.999149 -0.789917
0.89588 0.443949 -0.0175886 55.3129 -0.444298 0.895178 -0.0354378 45.7078 1.23247e-05 0.0395625 0.999217 -0.790361
0.895914 0.4439 -0.0170687 56.0387 -0.444228 0.895311 -0.0328648 45.334 0.000693079 0.0370264 0.999314 -0.791773
0.895385 0.44498 -0.0166971 56.765 -0.44529 0.894895 -0.0296906 44.9608 0.00173042 0.0340195 0.99942 -0.793626
0.89417 0.447466 -0.0153122 57.4914 -0.447725 0.893761 -0.0270831 44.5903 0.00156673 0.0310725 0.999516 -0.79448
0.892456 0.45095 -0.0129044 58.2156 -0.451135 0.892101 -0.0251862 44.2187 0.000154292 0.0282991 0.999599 -0.794257
0.890257 0.455356 -0.00965796 58.9392 -0.455452 0.889929 -0.0242825 43.8467 -0.00246227 0.0260163 0.999658 -0.792889
0.887363 0.461026 -0.00659423 59.6608 -0.461047 0.887069 -0.0233332 43.4701 -0.00490766 0.0237452 0.999706 -0.791647
0.883908 0.467622 -0.00613248 60.3802 -0.467634 0.883634 -0.0225942 43.0895 -0.0051467 0.0228389 0.999726 -0.791751
0.879798 0.4753 -0.00676373 61.0947 -0.47533 0.87955 -0.0212999 42.7062 -0.00417479 0.0219545 0.99975 -0.792834
0.874947 0.484156 -0.00775981 61.8049 -0.484206 0.8747 -0.0210642 42.3158 -0.00341084 0.0221873 0.999748 -0.793385
0.869927 0.493121 -0.00770002 62.5071 -0.493163 0.869658 -0.0220492 41.9232 -0.00417652 0.0229785 0.999727 -0.792509
0.86454 0.502529 -0.0060552 63.1997 -0.502534 0.864287 -0.0216365 41.5262 -0.00563954 0.0217485 0.999748 -0.791721
0.85886 0.512176 -0.00605884 63.8894 -0.512172 0.858585 -0.0226316 41.122 -0.00638935 0.0225405 0.999725 -0.790857
0.853093 0.521721 -0.00630846 64.57 -0.52172 0.852817 -0.0226509 40.7111 -0.00643751 0.0226145 0.999723 -0.790797
0.847244 0.531159 -0.00699736 65.2418 -0.531173 0.846976 -0.0220824 40.2965 -0.00580265 0.0224259 0.999732 -0.791381
0.841463 0.540258 -0.00784008 65.9061 -0.540295 0.841216 -0.0209054 39.876 -0.0046991 0.021827 0.999751 -0.792478
0.835801 0.548958 -0.00914623 66.5596 -0.549021 0.835554 -0.0206242 39.4529 -0.00367963 0.0222591 0.999745 -0.793172
0.83047 0.556969 -0.0102528 67.2009 -0.557056 0.830219 -0.0206192 39.0266 -0.00297221 0.0228349 0.999735 -0.793564
0.825039 0.56497 -0.0110119 67.8308 -0.565071 0.824785 -0.0205987 38.5969 -0.00255516 0.0232171 0.999727 -0.793783
0.819601 0.572822 -0.0114468 68.4515 -0.572931 0.819342 -0.0207365 38.1675 -0.00249949 0.0235537 0.999719 -0.793722
0.81454 0.579983 -0.0120029 69.0598 -0.5801 0.814255 -0.0217224 37.7354 -0.00282521 0.0246566 0.999692 -0.793101
0.810108 0.586162 -0.0118227 69.6562 -0.586266 0.809777 -0.0235275 37.3026 -0.0042172 0.0259909 0.999653 -0.791536
0.806892 0.590575 -0.0120989 70.2388 -0.590669 0.806475 -0.0266358 36.8714 -0.00597303 0.0286386 0.999572 -0.789239
0.804427 0.593925 -0.0122685 70.8138 -0.593998 0.803901 -0.0301644 36.4403 -0.00805272 0.0315524 0.99947 -0.78658
0.802629 0.596354 -0.0122016 71.3777 -0.596402 0.802031 -0.0324283 36.013 -0.00955267 0.0333049 0.999399 -0.784774
0.801526 0.597842 -0.0118988 71.9267 -0.597872 0.800903 -0.0332235 35.5928 -0.0103327 0.0337434 0.999377 -0.783993
0.800879 0.598703 -0.0121632 72.4659 -0.598738 0.800243 -0.0335299 35.1782 -0.0103409 0.0341359 0.999364 -0.783859
0.801226 0.598207 -0.0136052 72.9893 -0.59829 0.80057 -0.0337308 34.772 -0.00928615 0.0351658 0.999338 -0.784381
0.802855 0.595981 -0.0151747 73.4972 -0.596119 0.802174 -0.0340506 34.3765 -0.00812079 0.0363836 0.999305 -0.784929
0.805691 0.592124 -0.0158731 73.9904 -0.592292 0.805013 -0.0338303 33.9936 -0.00725373 0.0366582 0.999301 -0.785548
0.810143 0.586018 -0.0158796 74.467 -0.586196 0.809489 -0.0331889 33.6263 -0.00659494 0.0361962 0.999323 -0.786245
0.816361 0.577333 -0.0155244 74.9275 -0.577509 0.815735 -0.0325445 33.2721 -0.00612526 0.0355335 0.99935 -0.786854
0.823975 0.566421 -0.0152718 75.3721 -0.566596 0.823353 -0.0325355 32.9347 -0.00585469 0.0354614 0.999354 -0.787103
0.833278 0.552634 -0.0155937 75.804 -0.552837 0.832699 -0.0313775 32.6162 -0.00435542 0.0347669 0.999386 -0.788561
0.84438 0.535478 -0.0169291 76.2332 -0.535743 0.843865 -0.0295331 32.31 -0.00152845 0.0340067 0.99942 -0.791117
0.856875 0.515193 -0.0184877 76.6591 -0.515521 0.856446 -0.0271656 32.0145 0.00183824 0.0328082 0.99946 -0.79425
0.870856 0.491176 -0.0188901 77.0829 -0.491524 0.870484 -0.0257184 31.7278 0.00381129 0.0316819 0.999491 -0.796223
0.886279 0.462809 -0.0178027 77.5056 -0.463135 0.885921 -0.0254948 31.453 0.00397256 0.0308405 0.999516 -0.796637
0.902881 0.429628 -0.0150792 77.9263 -0.429888 0.902479 -0.0269882 31.1922 0.00201382 0.0308494 0.999522 -0.795056
0.919968 0.391848 -0.0106766 78.3481 -0.391992 0.919534 -0.0282727 30.9479 -0.00126111 0.030195 0.999543 -0.792624
0.936545 0.350518 -0.00465464 78.7703 -0.3505 0.93611 -0.0291165 30.7223 -0.0058486 0.0289003 0.999565 -0.789325
0.952346 0.305019 0.00125369 79.199 -0.304866 0.951983 -0.0280472 30.5093 -0.00974842 0.0263284 0.999606 -0.786991
0.9669 0.2551 0.00532388 79.63 -0.254877 0.96661 -0.0265179 30.3232 -0.0119108 0.0242832 0.999634 -0.785894
0.979651 0.200583 0.00720195 80.0601 -0.200329 0.979368 -0.0265892 30.1573 -0.0123867 0.0246053 0.99962 -0.785404
0.990011 0.140847 0.0064618 80.4912 -0.140593 0.98961 -0.0301144 30.0131 -0.0106362 0.028905 0.999525 -0.785432
0.997058 0.0765733 0.00361498 80.9215 -0.0764184 0.996558 -0.0321264 29.8927 -0.00606257 0.0317556 0.999477 -0.78823
0.999951 0.00994876 -0.000300622 81.3545 -0.00995317 0.999326 -0.0353341 29.8004 -5.1111e-05 0.0353352 0.999375 -0.791928
0.998318 -0.0579254 -0.00252603 81.7857 0.0578061 0.997747 -0.0340673 29.7364 0.0044937 0.0338639 0.999416 -0.796102
0.992037 -0.125895 -0.00380406 82.2164 0.125704 0.991524 -0.0328421 29.7031 0.00790646 0.0321023 0.999453 -0.799444
0.981082 -0.193552 -0.00402015 82.6459 0.193307 0.98055 -0.0339755 29.6999 0.010518 0.0325555 0.999415 -0.801397
0.965747 -0.259484 -0.00140068 83.0706 0.259269 0.96514 -0.0358504 29.7263 0.0106545 0.0342591 0.999356 -0.800944
0.946151 -0.32369 0.00477633 83.4876 0.323652 0.945521 -0.0352038 29.7803 0.006879 0.0348539 0.999369 -0.797717
0.92232 -0.386208 0.0130011 83.8959 0.386426 0.921717 -0.0333628 29.8639 0.000901628 0.035795 0.999359 -0.792581
0.895237 -0.44516 0.0196124 84.299 0.445573 0.894732 -0.0303168 29.9811 -0.00405206 0.0358794 0.999348 -0.788538
0.865909 -0.499485 0.0267677 84.6972 0.500106 0.865552 -0.0267272 30.1276 -0.00981895 0.03653 0.999284 -0.783619
0.83598 -0.547869 0.0312656 85.0909 0.548568 0.835838 -0.0211869 30.3062 -0.0145254 0.0348631 0.999286 -0.780324
0.807098 -0.589491 0.0330792 85.4768 0.590181 0.807094 -0.0168938 30.5181 -0.0167393 0.0331576 0.99931 -0.779078
0.780666 -0.624142 0.0317417 85.8577 0.62466 0.780842 -0.00927018 30.7642 -0.0189993 0.0270646 0.999453 -0.779239
0.756854 -0.652961 0.028535 86.2298 0.653363 0.757012 -0.00705539 31.036 -0.0169944 0.0239835 0.999568 -0.781908
0.735035 -0.677497 0.0268727 86.599 0.677848 0.735179 -0.00594068 31.3262 -0.0157314 0.0225821 0.999621 -0.783412
0.71851 -0.694823 0.0310739 86.959 0.695354 0.718592 -0.0104256 31.6389 -0.0150855 0.0290982 0.999463 -0.781814
0.706971 -0.706428 0.0339274 87.3146 0.707073 0.707039 -0.0120184 31.9691 -0.0154979 0.0324858 0.999352 -0.780357
0.697565 -0.715836 0.0313576 87.6739 0.716368 0.697655 -0.00977394 32.3142 -0.0148803 0.0292815 0.99946 -0.781935
0.690387 -0.722915 0.027586 88.0368 0.723287 0.690525 -0.00567986 32.6753 -0.0149427 0.0238738 0.999603 -0.783666
0.685754 -0.727506 0.0218295 88.4022 0.727706 0.685887 -0.00181657 33.0499 -0.013651 0.0171311 0.99976 -0.786917
0.683596 -0.729701 0.0152705 88.7748 0.729793 0.683668 -0.00073169 33.4403 -0.00990606 0.0116445 0.999883 -0.791743
0.682914 -0.73039 0.0126452 89.151 0.730458 0.682957 -0.00121982 33.8388 -0.0077452 0.0100698 0.999919 -0.794014
0.684501 -0.728918 0.0116872 89.534 0.728995 0.684507 -0.00411669 34.2493 -0.00499922 0.0113377 0.999923 -0.795861
0.687584 -0.726045 0.00936559 89.9284 0.726103 0.687491 -0.0114086 34.6728 0.00184439 0.0146447 0.999891 -0.800375
0.690647 -0.723161 0.00674314 90.3292 0.723158 0.690492 -0.016268 35.1007 0.0071083 0.0161117 0.999845 -0.804162
0.693807 -0.720153 0.00348234 90.7405 0.720132 0.693726 -0.0124731 35.5351 0.00656674 0.0111616 0.999916 -0.805309
0.697894 -0.716196 0.00286932 91.1565 0.716197 0.697868 -0.00654235 35.978 0.0026832 0.00662079 0.999974 -0.803611
0.701473 -0.712661 0.00708965 91.585 0.712694 0.701461 -0.00438208 36.4242 -0.00185018 0.00812659 0.999965 -0.799475
0.704192 -0.709885 0.0133658 92.0244 0.709969 0.70423 -0.00238454 36.8728 -0.00771988 0.0111684 0.999908 -0.793746
0.706688 -0.707299 0.0179362 92.474 0.707413 0.7068 -9.06596e-05 37.3288 -0.0126132 0.0127523 0.999839 -0.789248
0.708999 -0.704873 0.0217757 92.9318 0.705071 0.709134 -0.00209614 37.7947 -0.0139644 0.0168395 0.999761 -0.786844
0.709454 -0.704378 0.0229716 93.4034 0.704661 0.709509 -0.00707138 38.2633 -0.0113177 0.021204 0.999711 -0.787619
0.709312 -0.704594 0.020604 93.8838 0.704874 0.709212 -0.0130563 38.7398 -0.00541326 0.0237842 0.999702 -0.791616
0.708891 -0.705152 0.0153222 94.3715 0.705314 0.708641 -0.0190037 39.2268 0.00254258 0.0242784 0.999702 -0.797922
0.70722 -0.706918 0.0103293 94.8698 0.706958 0.706964 -0.0203084 39.7178 0.00705393 0.0216649 0.99974 -0.802423
0.705425 -0.708664 0.0131101 95.3704 0.708777 0.705208 -0.0178163 40.2148 0.00338048 0.0218601 0.999755 -0.799408
0.704184 -0.709733 0.0201078 95.8773 0.710008 0.704045 -0.0145014 40.7226 -0.00386465 0.0244883 0.999693 -0.792689
0.70233 -0.711453 0.0238045 96.3925 0.711771 0.702362 -0.00842896 41.2356 -0.0107225 0.0228632 0.999681 -0.787632
0.700944 -0.712892 0.0214983 96.9142 0.713139 0.700994 -0.00641427 41.7633 -0.0104975 0.0198273 0.999748 -0.788812
0.699562 -0.714419 0.0148105 97.444 0.714548 0.699558 -0.00629039 42.303 -0.00586684 0.0149833 0.99987 -0.794162
0.696953 -0.717032 0.011027 97.9818 0.717117 0.69688 -0.0100879 42.849 -0.000451123 0.0149383 0.999888 -0.798592
0.693974 -0.719934 0.00982483 98.5244 0.719995 0.693847 -0.0135693 43.4038 0.00295207 0.0164905 0.99986 -0.800863
0.691223 -0.72254 0.0121354 99.0711 0.722641 0.691089 -0.0136884 43.9665 0.00150382 0.0182312 0.999833 -0.799145
0.68861 -0.724954 0.0161012 99.6214 0.725133 0.688437 -0.0154064 44.5379 8.42896e-05 0.0222845 0.999752 -0.796698
0.687198 -0.726226 0.0188212 100.179 0.726465 0.687063 -0.0139344 45.1198 -0.00281181 0.0232485 0.999726 -0.794046
0.686054 -0.727202 0.0225329 100.745 0.727531 0.685937 -0.0137663 45.7201 -0.00544521 0.0258377 0.999651 -0.79107
0.685564 -0.727505 0.0271902 101.313 0.727981 0.685404 -0.0162782 46.3243 -0.00679376 0.0309536 0.999498 -0.788297
0.68509 -0.727941 0.0274485 101.889 0.728413 0.684981 -0.0146854 46.9331 -0.00811163 0.0300546 0.999515 -0.787532
0.685423 -0.727777 0.023155 102.465 0.728117 0.68533 -0.0130141 47.5472 -0.00639744 0.0257796 0.999647 -0.790354
0.685851 -0.727544 0.0169825 103.047 0.727735 0.685761 -0.0115981 48.1665 -0.00320781 0.0203133 0.999788 -0.794745
0.686371 -0.727177 0.0104586 103.633 0.72725 0.686332 -0.00750944 48.785 -0.00171736 0.0127602 0.999917 -0.79839
0.688206 -0.725496 0.00541602 104.219 0.725512 0.688207 -0.00194591 49.4113 -0.00231559 0.0052685 0.999983 -0.800273
0.690577 -0.723245 0.004462 104.805 0.723241 0.69059 0.00274347 50.0388 -0.00506562 0.00133245 0.999986 -0.79927
0.692382 -0.721521 0.00379958 105.399 0.721517 0.692392 0.00259834 50.6664 -0.00450556 0.000942357 0.999989 -0.799861
0.693881 -0.720087 0.0021281 105.997 0.720089 0.693882 -0.000241103 51.299 -0.00130303 0.00169965 0.999998 -0.802246
0.694632 -0.719322 0.00786438 106.599 0.719362 0.694621 -0.00450127 51.9394 -0.0022249 0.008784 0.999959 -0.799307
0.694963 -0.718934 0.0126905 107.203 0.719043 0.694902 -0.00940497 52.5732 -0.00205711 0.0156611 0.999875 -0.79728
0.696032 -0.717877 0.0139127 107.805 0.718009 0.695954 -0.0106057 53.2051 -0.00206905 0.0173713 0.999847 -0.796738
0.696771 -0.717185 0.0124996 108.408 0.717284 0.696748 -0.00677137 53.8347 -0.00385277 0.0136838 0.999899 -0.796482
0.697434 -0.71651 0.0141204 109.008 0.716593 0.697491 -0.00118463 54.4621 -0.00900002 0.0109447 0.9999 -0.793167
0.698126 -0.715824 0.0147356 109.609 0.715817 0.698256 0.0066617 55.0813 -0.0150578 0.00589722 0.999869 -0.789798
0.699033 -0.714989 0.0119872 110.208 0.71503 0.699093 0.00120701 55.6939 -0.00924316 0.0077274 0.999927 -0.794012
0.699367 -0.714726 0.00723418 110.813 0.714751 0.699261 -0.0128606 56.3036 0.00413321 0.0141648 0.999891 -0.802864
0.699073 -0.715038 0.00425494 111.418 0.714889 0.698776 -0.0254298 56.9089 0.01521 0.020819 0.999668 -0.809635
0.698477 -0.715581 0.00858148 112.016 0.71557 0.698206 -0.021655 57.5061 0.00950427 0.0212661 0.999729 -0.804938
0.697582 -0.716093 0.0243055 112.604 0.716403 0.697654 -0.00679069 58.098 -0.0120941 0.0221496 0.999681 -0.787139
0.69641 -0.716738 0.0360447 113.194 0.717021 0.69702 0.00665487 58.6887 -0.0298937 0.0212102 0.999328 -0.772732
0.696022 -0.717316 0.0318154 113.788 0.717579 0.696464 0.00421451 59.2846 -0.0251814 0.0198966 0.999485 -0.777097
0.695344 -0.718456 0.0178425 114.386 0.718615 0.695397 -0.00402018 59.8795 -0.00951932 0.0156172 0.999833 -0.791401
0.694564 -0.719327 0.0122598 114.978 0.719432 0.694471 -0.0113487 60.4716 -0.000350611 0.0167024 0.99986 -0.798538
0.69323 -0.720578 0.0141673 115.565 0.720716 0.69306 -0.0154124 61.0606 0.00128699 0.0208949 0.999781 -0.798531
0.691278 -0.722404 0.0163671 116.142 0.722586 0.691165 -0.0126911 61.6512 -0.00214423 0.0205997 0.999785 -0.79586
0.688727 -0.724847 0.0158989 116.714 0.725021 0.688577 -0.0143967 62.2426 -0.000512234 0.0214424 0.99977 -0.796928
0.685203 -0.728209 0.0144464 117.286 0.72835 0.685016 -0.0161055 62.8292 0.00183219 0.0215575 0.999766 -0.798806
0.682838 -0.730477 0.0116523 117.849 0.73057 0.682732 -0.0120479 63.418 0.00084531 0.0167395 0.99986 -0.799577
0.681164 -0.732106 0.00597703 118.414 0.732126 0.681107 -0.00923313 64.0104 0.00268864 0.0106651 0.999939 -0.803017
0.679785 -0.73339 0.00566233 118.974 0.733412 0.679762 -0.00564849 64.6024 0.000293507 0.00799251 0.999968 -0.801935
0.678745 -0.734312 0.00955701 119.531 0.734361 0.678753 -0.00286712 65.1934 -0.00438149 0.00896427 0.99995 -0.79785
0.677787 -0.735179 0.0108313 120.088 0.735242 0.677798 -0.0031948 65.7854 -0.00499271 0.010129 0.999936 -0.797003
0.675919 -0.736903 0.0103575 120.642 0.736975 0.675878 -0.00757373 66.3825 -0.00141931 0.0127524 0.999918 -0.799095
0.672631 -0.739878 0.0122389 121.191 0.739977 0.672505 -0.0130721 66.9712 0.00144102 0.0178491 0.99984 -0.799803
0.667804 -0.744209 0.0138126 121.739 0.744329 0.667596 -0.0170606 67.5668 0.00347537 0.0216742 0.999759 -0.800229
0.662767 -0.748632 0.0170242 122.278 0.748825 0.66262 -0.014009 68.164 -0.000792989 0.0220328 0.999757 -0.796675
0.658074 -0.752592 0.0233195 122.813 0.752892 0.658101 -0.00759117 68.7619 -0.00963351 0.0225525 0.999699 -0.78932
0.654757 -0.75519 0.0313371 123.335 0.755615 0.655011 -0.00277068 69.3701 -0.0184338 0.0254928 0.999505 -0.781145
0.651583 -0.758048 0.0283503 123.859 0.758247 0.651947 0.00518787 69.9769 -0.0224156 0.0181161 0.999585 -0.780263
0.648257 -0.761066 0.0232722 124.381 0.761216 0.648489 0.00341781 70.5926 -0.017693 0.0154995 0.999723 -0.785023
0.643014 -0.765648 0.0177858 124.907 0.765818 0.643038 -0.00511067 71.207 -0.00752399 0.0169069 0.999829 -0.792935
0.638001 -0.769857 0.0166 125.428 0.770035 0.637877 -0.0126268 71.8287 -0.000867968 0.0208384 0.999782 -0.797103
0.632857 -0.774059 0.01802 125.947 0.774268 0.632717 -0.0133518 72.4521 -0.00106647 0.022402 0.999748 -0.796452
0.626806 -0.779033 0.0149329 126.465 0.779161 0.626798 -0.00574882 73.0766 -0.00488137 0.0152384 0.999872 -0.795676
0.620633 -0.784038 0.00997506 126.977 0.784092 0.620639 -0.00280313 73.7094 -0.00399315 0.00956101 0.999946 -0.798216
0.612843 -0.790189 0.00497914 127.492 0.790203 0.612817 -0.00588062 74.3421 0.00159549 0.00753836 0.99997 -0.803404
0.605972 -0.795473 0.00470418 127.996 0.795474 0.605918 -0.00922877 74.9809 0.00449089 0.00933436 0.999946 -0.805198
0.599514 -0.800345 0.00550151 128.497 0.800358 0.599469 -0.0080029 75.6259 0.00310709 0.00920097 0.999953 -0.80414
0.593197 -0.80503 0.00666378 128.984 0.805049 0.593209 -0.000248561 76.276 -0.00375291 0.00551204 0.999978 -0.79975
0.586693 -0.809777 0.00725846 129.468 0.809753 0.586735 0.00653428 76.9337 -0.0095501 0.00204387 0.999952 -0.796114
0.580526 -0.814182 0.00983438 129.945 0.81413 0.580604 0.00953573 77.5942 -0.0134737 0.00247065 0.999906 -0.792783
0.575301 -0.817871 0.0107752 130.421 0.817804 0.575396 0.0108311 78.2594 -0.0150584 0.00258075 0.999883 -0.791465
0.571676 -0.82041 0.0106715 130.891 0.820361 0.571766 0.00956618 78.9339 -0.0139498 0.00328568 0.999897 -0.792176
0.567989 -0.823026 0.00414075 131.363 0.822999 0.568004 0.00666524 79.6114 -0.00783764 -0.000378019 0.999969 -0.798331
0.565008 -0.825073 -0.0045237 131.826 0.825083 0.564983 0.00579253 80.2919 -0.00222345 -0.00700532 0.999973 -0.804938
0.562722 -0.826615 -0.00720147 132.283 0.826646 0.562714 0.00325174 80.9781 0.00136443 -0.00778296 0.999969 -0.808099
0.560148 -0.828373 -0.00564979 132.743 0.828381 0.560091 0.00917615 81.6617 -0.00443689 -0.00982025 0.999942 -0.80402
0.558343 -0.829606 -0.00260224 133.196 0.829496 0.558211 0.0183834 82.3495 -0.0137984 -0.0124229 0.999828 -0.797158
0.555618 -0.831437 0.000869305 133.65 0.831144 0.555449 0.0259874 83.0347 -0.0220897 -0.0137166 0.999662 -0.79072
0.551682 -0.834054 0.00150746 134.104 0.833813 0.551564 0.0231116 83.7226 -0.0201078 -0.0114934 0.999732 -0.791718
0.547382 -0.836863 0.00587258 134.556 0.8368 0.547413 0.010241 84.4141 -0.011785 -0.000691632 0.99993 -0.795326
0.541632 -0.840588 0.00687136 135.007 0.840604 0.541649 0.000862489 85.1045 -0.00444687 0.00530888 0.999976 -0.799486
0.53579 -0.84434 0.00444831 135.451 0.844331 0.535806 0.0042036 85.7943 -0.0059327 0.00150353 0.999981 -0.799474
0.52955 -0.848236 0.00854957 135.889 0.848209 0.529609 0.00751 86.4895 -0.0108982 0.00327483 0.999935 -0.794887
0.523255 -0.852052 0.0145616 136.328 0.852032 0.523405 0.00947305 87.1878 -0.0156931 0.00745006 0.999849 -0.789668
0.518324 -0.854876 0.0229665 136.761 0.854995 0.518588 0.00713176 87.8998 -0.0180069 0.0159396 0.999711 -0.785094
0.513127 -0.857875 0.0274054 137.196 0.858105 0.513444 0.00562593 88.616 -0.0188975 0.0206298 0.999609 -0.78287
0.507927 -0.860954 0.0277283 137.626 0.861294 0.508106 -0.000669493 89.3382 -0.0135125 0.0242222 0.999615 -0.786156
0.501931 -0.86441 0.0293538 138.052 0.864902 0.501771 -0.0131148 90.0625 -0.00339231 0.0319708 0.999483 -0.791893
0.495985 -0.867589 0.0358896 138.475 0.868321 0.495346 -0.0255351 90.7877 0.00437616 0.0438286 0.999029 -0.794204
0.490397 -0.870663 0.0381736 138.894 0.871493 0.490094 -0.0175661 91.5098 -0.00341454 0.0418823 0.999117 -0.788577
0.485643 -0.873414 0.0360487 139.305 0.874005 0.485916 -0.00136199 92.2387 -0.016327 0.0321681 0.999349 -0.7813
0.481221 -0.875902 0.034975 139.711 0.876238 0.481785 0.00951651 92.9731 -0.025186 0.0260668 0.999343 -0.776007
0.477763 -0.877813 0.0344638 140.113 0.878172 0.478277 0.00809497 93.7159 -0.0235891 0.0263976 0.999373 -0.777244
0.476258 -0.878851 0.0282961 140.515 0.879208 0.476438 -0.000397074 94.468 -0.0131324 0.0250672 0.999599 -0.78633
0.47388 -0.880475 0.0142247 140.919 0.880585 0.473871 -0.0041698 95.2189 -0.00306927 0.014502 0.99989 -0.797983
0.472138 -0.88144 0.0122765 141.317 0.881525 0.472084 -0.00712381 95.9725 0.000483667 0.0141854 0.999899 -0.800988
0.469747 -0.882586 0.0194716 141.717 0.882797 0.469703 -0.00704661 96.7224 -0.00292662 0.0204995 0.999785 -0.796214
0.469339 -0.882696 0.0238591 142.113 0.882938 0.46949 0.000847948 97.473 -0.0119501 0.0206681 0.999715 -0.788812
0.46956 -0.882538 0.0253113 142.507 0.882712 0.46986 0.00724414 98.2313 -0.018286 0.018941 0.999653 -0.784178
0.468126 -0.883287 0.0257408 142.906 0.883499 0.4684 0.00557381 98.9901 -0.0169803 0.0201327 0.999653 -0.784891
0.466389 -0.884287 0.022757 143.307 0.884529 0.466484 -0.0012463 99.7509 -0.00951369 0.0207104 0.99974 -0.790857
0.464611 -0.885132 0.0260386 143.706 0.885513 0.464342 -0.0159308 100.515 0.00201004 0.030459 0.999534 -0.797059
0.462704 -0.885876 0.0336051 144.104 0.886482 0.462039 -0.0258768 101.273 0.00739677 0.0417636 0.9991 -0.797627
0.461606 -0.886414 0.0345153 144.499 0.887081 0.461121 -0.0213562 102.029 0.00301473 0.0404759 0.999176 -0.794553
0.460379 -0.88705 0.0345552 144.891 0.8877 0.460297 -0.0107404 102.781 -0.00637841 0.0356192 0.999345 -0.788587
0.458797 -0.887845 0.0351577 145.277 0.888458 0.458936 -0.00449938 103.529 -0.0121404 0.0333004 0.999372 -0.784671
0.457984 -0.888264 0.0352033 145.664 0.888922 0.457975 -0.00877622 104.281 -0.00832665 0.0353123 0.999342 -0.787142
0.457978 -0.888393 0.0318442 146.055 0.888962 0.457761 -0.0142294 105.032 -0.00193571 0.034825 0.999391 -0.792533
0.457759 -0.888724 0.0250509 146.439 0.889077 0.457582 -0.012727 105.783 -0.000152024 0.028098 0.999605 -0.796237
0.45733 -0.888966 0.024271 146.82 0.889287 0.457288 -0.00757026 106.527 -0.00436912 0.0250459 0.999677 -0.793835
0.456551 -0.889411 0.0225968 147.202 0.889667 0.456599 -0.00328394 107.268 -0.00739691 0.0216029 0.999739 -0.792509
0.456219 -0.889613 0.0212938 147.581 0.889808 0.456336 0.000703538 108.01 -0.010343 0.0186263 0.999773 -0.791084
0.455737 -0.889938 0.0177387 147.957 0.890056 0.455845 0.00240745 108.753 -0.0102286 0.0146912 0.99984 -0.79246
0.455234 -0.890187 0.018143 148.328 0.890336 0.455305 -0.000228096 109.496 -0.00805757 0.0162572 0.999835 -0.793756
0.454371 -0.890709 0.0135814 148.699 0.89081 0.454354 -0.00445956 110.231 -0.00219861 0.0141247 0.999898 -0.799232
0.453265 -0.891295 0.0120439 149.063 0.891376 0.453239 -0.00490021 110.96 -0.00109123 0.0129566 0.999915 -0.800523
0.455777 -0.890018 0.0116535 149.384 0.890094 0.455744 -0.00546742 111.599 -0.000444934 0.0128646 0.999917 -0.801095
0.458461 -0.888643 0.0113016 149.703 0.888715 0.458421 -0.00605515 112.234 0.000199968 0.0128199 0.999918 -0.801651
0.461141 -0.88726 0.0109462 150.022 0.887327 0.461094 -0.00664098 112.869 0.00084506 0.0127752 0.999918 -0.802207
0.463816 -0.885868 0.0105874 150.341 0.885931 0.463762 -0.00722457 113.504 0.00149 0.0127305 0.999918 -0.802762
0.466487 -0.884469 0.0102252 150.66 0.884526 0.466426 -0.007806 114.139 0.00213488 0.0126858 0.999917 -0.803317
0.469153 -0.883062 0.00985948 150.979 0.883113 0.469087 -0.00838544 114.774 0.00277991 0.012641 0.999916 -0.803871
0.471816 -0.881646 0.00949039 151.299 0.881691 0.471743 -0.00896274 115.408 0.00342494 0.0125963 0.999915 -0.804426
0.474473 -0.880223 0.00911789 151.618 0.880261 0.474395 -0.00953791 116.043 0.00407 0.0125515 0.999913 -0.80498
0.477127 -0.878791 0.00874202 151.937 0.878822 0.477043 -0.0101109 116.678 0.00471505 0.0125068 0.999911 -0.805534
0.479775 -0.877352 0.00836276 152.256 0.877375 0.479686 -0.0106817 117.313 0.00536011 0.012462 0.999908 -0.806088
0.48242 -0.875904 0.00798015 152.575 0.87592 0.482326 -0.0112503 117.948 0.00600515 0.0124173 0.999905 -0.806641
0.485059 -0.874449 0.00759427 152.894 0.874457 0.48496 -0.0118166 118.583 0.00665007 0.0123725 0.999901 -0.807195
0.487693 -0.872986 0.00720505 153.214 0.872985 0.48759 -0.0123806 119.218 0.00729496 0.0123278 0.999897 -0.807748
0.490323 -0.871515 0.0068125 153.533 0.871505 0.490216 -0.0129424 119.853 0.00793987 0.012283 0.999893 -0.8083
0.492947 -0.870036 0.00641672 153.852 0.870017 0.492837 -0.0135017 120.487 0.00858461 0.0122382 0.999888 -0.808852
0.495566 -0.86855 0.00601775 154.171 0.868522 0.495452 -0.0140587 121.122 0.00922917 0.0121935 0.999883 -0.809404
0.501596 -0.865079 0.00633564 154.479 0.865059 0.501483 -0.0137447 121.706 0.00871304 0.0123749 0.999885 -0.808951
0.506785 -0.86199 0.0119932 154.79 0.862067 0.506681 -0.0107163 122.27 0.00316062 0.0157698 0.999871 -0.803415
0.511937 -0.85876 0.021275 155.105 0.859016 0.511879 -0.00850204 122.827 -0.00358901 0.022628 0.999737 -0.79575
0.516809 -0.855655 0.0276153 155.423 0.856085 0.516727 -0.0105882 123.38 -0.00520974 0.029113 0.999562 -0.792323
0.519906 -0.853772 0.0278004 155.749 0.854199 0.519866 -0.00921575 123.928 -0.00658434 0.0285383 0.999571 -0.791411
0.520833 -0.853277 0.0255392 156.078 0.853629 0.520831 -0.00725897 124.473 -0.0071077 0.0255816 0.999647 -0.791974
0.520892 -0.85323 0.0258827 156.41 0.853583 0.520922 -0.00611247 125.022 -0.00826753 0.0252769 0.999646 -0.791146
0.519942 -0.853768 0.027209 156.744 0.854128 0.520052 -0.0034355 125.575 -0.0112169 0.0250261 0.999624 -0.788833
0.519994 -0.853725 0.0275585 157.077 0.854053 0.520187 -0.000220138 126.136 -0.0141476 0.0236508 0.99962 -0.786897
0.520006 -0.853963 0.0184775 157.411 0.854101 0.520106 0.000779075 126.701 -0.0102756 0.0153765 0.999829 -0.792763
0.519341 -0.854514 0.00947786 157.748 0.854566 0.519326 -0.00420982 127.273 -0.00132475 0.0102857 0.999946 -0.801695
0.517577 -0.855616 0.00596587 158.087 0.855607 0.517487 -0.0120125 127.846 0.0071908 0.0113217 0.99991 -0.808269
0.514704 -0.857326 0.0085668 158.428 0.857269 0.514466 -0.0203807 128.42 0.0130655 0.017834 0.999756 -0.810928
0.511311 -0.859327 0.0108586 158.767 0.859363 0.51114 -0.0151996 128.99 0.00751117 0.0171031 0.999825 -0.806726
0.507742 -0.861453 0.00984468 159.102 0.8615 0.507758 -0.00102309 129.563 -0.00411737 0.00900059 0.999951 -0.79991
