0.470355 -0.881335 0.0448878 -0.687894 0.882417 0.470309 -0.0122519 -0.560993 -0.0103131 0.0453724 0.998917 -0.779563
0.471781 -0.880534 0.0456338 -0.247835 0.88164 0.471785 -0.0113544 0.278144 -0.0115314 0.0455894 0.998894 -0.780133
0.473445 -0.879652 0.0454119 0.204788 0.880772 0.473345 -0.0136302 1.13287 -0.00950567 0.0464507 0.998875 -0.781573
0.47442 -0.87926 0.0427368 0.645567 0.880282 0.474146 -0.0169845 1.97868 -0.00532972 0.0456783 0.998942 -0.782601
0.475895 -0.87855 0.040912 1.10455 0.879497 0.475532 -0.0188206 2.82627 -0.00292012 0.0449386 0.998985 -0.784526
0.476622 -0.878166 0.0407035 1.57065 0.879102 0.47629 -0.0181264 3.69452 -0.00346871 0.044422 0.999007 -0.783089
0.476441 -0.878164 0.0428016 2.03419 0.879175 0.47627 -0.0147622 4.54765 -0.00742146 0.0446634 0.998975 -0.776416
0.475499 -0.87838 0.0484613 2.49925 0.879649 0.475419 -0.0139134 5.41207 -0.0108182 0.0492447 0.998728 -0.778355
0.474729 -0.878238 0.0577103 2.96997 0.880066 0.474476 -0.0188753 6.26503 -0.0108052 0.0597495 0.998155 -0.780946
0.473749 -0.878734 0.0582182 3.43963 0.880626 0.473275 -0.0225502 7.13211 -0.00773755 0.0619516 0.998049 -0.777258
0.472181 -0.879766 0.0552846 3.90671 0.881492 0.471536 -0.0250082 8.01006 -0.00406729 0.0605414 0.998157 -0.772262
0.470594 -0.880791 0.0524151 4.36563 0.882345 0.469958 -0.0246415 8.88469 -0.00292881 0.0578443 0.998321 -0.775372
0.46976 -0.881335 0.0507371 4.83822 0.882786 0.469223 -0.0227585 9.77768 -0.00374912 0.0554811 0.998453 -0.76029
0.468559 -0.881965 0.0509015 5.30074 0.883408 0.468197 -0.0195606 10.6693 -0.00658012 0.054132 0.998512 -0.761985
0.467478 -0.882613 0.0495948 5.76755 0.883972 0.467208 -0.0176176 11.5633 -0.00762155 0.0520762 0.998614 -0.75201
0.466618 -0.882945 0.0517267 6.22884 0.884397 0.466478 -0.0154847 12.4439 -0.0104572 0.0529724 0.998541 -0.757748
0.466223 -0.883222 0.0505488 6.69544 0.884562 0.466289 -0.0112076 13.3286 -0.0136715 0.0499387 0.998659 -0.746549
0.465759 -0.883446 0.0509087 7.15663 0.884759 0.465974 -0.00827908 14.2384 -0.016408 0.048898 0.998669 -0.757793
0.465661 -0.883485 0.0511284 7.61729 0.884815 0.465863 -0.00862081 15.1255 -0.0162025 0.0492536 0.998655 -0.76559
0.466232 -0.882991 0.0543555 8.08487 0.884561 0.466229 -0.0135063 16.0339 -0.0134162 0.0543778 0.99843 -0.790827
0.466402 -0.882807 0.055857 8.52511 0.884509 0.466195 -0.0174848 16.9254 -0.0106046 0.057561 0.998286 -0.791826
0.465639 -0.883421 0.0524067 8.95723 0.88492 0.465453 -0.0164482 17.7832 -0.00986221 0.0540346 0.99849 -0.801255
0.465126 -0.883602 0.0538998 9.43791 0.885174 0.464993 -0.0157457 18.6613 -0.0111501 0.0550345 0.998422 -0.784352
0.464177 -0.883795 0.0587048 9.89041 0.885662 0.46401 -0.0172646 19.5635 -0.0119813 0.0600064 0.998126 -0.81146
0.464105 -0.883669 0.061113 10.3379 0.885725 0.463743 -0.0208338 20.4128 -0.0099306 0.0637983 0.997913 -0.792583
0.463721 -0.884103 0.0576541 10.7873 0.885958 0.463191 -0.0230553 21.2729 -0.00632155 0.0617703 0.99807 -0.833085
0.463346 -0.884512 0.0543004 11.2523 0.886165 0.462799 -0.0230081 22.1724 -0.00477916 0.0587798 0.99826 -0.824156
0.462831 -0.884929 0.051848 11.6926 0.886423 0.462455 -0.019746 23.0225 -0.00650353 0.0550983 0.99846 -0.829453
0.462261 -0.885159 0.0529871 12.144 0.886681 0.462115 -0.0157145 23.8777 -0.0105763 0.0542468 0.998471 -0.816248
0.46255 -0.884894 0.0548583 12.5748 0.886517 0.462435 -0.0155508 24.715 -0.0116076 0.0558258 0.998373 -0.811404
0.462482 -0.884689 0.0586172 13.0279 0.886571 0.462197 -0.0191456 25.5904 -0.0101548 0.0608228 0.998097 -0.814865
0.462013 -0.884905 0.0590519 13.488 0.886829 0.46163 -0.0207869 26.4622 -0.00886571 0.0619728 0.998038 -0.797061
0.461273 -0.885307 0.058804 13.9219 0.887209 0.460927 -0.0201383 27.315 -0.00927573 0.0614608 0.998066 -0.794259
0.460174 -0.885679 0.0617488 14.3437 0.887738 0.460009 -0.0177168 28.1235 -0.0127136 0.0629695 0.997934 -0.796125
0.458831 -0.885858 0.0687676 14.8078 0.888338 0.458942 -0.0151148 29.0111 -0.0181708 0.068024 0.997518 -0.803324
0.457238 -0.886489 0.0712067 15.2245 0.889111 0.457486 -0.0137474 29.862 -0.0203891 0.0695964 0.997367 -0.81352
0.456474 -0.886759 0.0727355 15.632 0.889543 0.456551 -0.0165291 30.6786 -0.0185502 0.0722465 0.997214 -0.827937
0.455713 -0.887274 0.0712046 16.0672 0.890047 0.455281 -0.0231257 31.5257 -0.0118993 0.0739142 0.997194 -0.870439
0.455616 -0.88776 0.0655493 16.4967 0.890158 0.45485 -0.0270356 32.3338 -0.00581399 0.070667 0.997483 -0.864424
0.454734 -0.888735 0.0580196 16.887 0.890613 0.454127 -0.0240163 33.1688 -0.00500419 0.0625941 0.998026 -0.833263
0.453325 -0.889471 0.0577784 17.2879 0.891316 0.452886 -0.0212361 33.9628 -0.00727814 0.0611257 0.998104 -0.839606
0.452291 -0.889856 0.0599023 17.6829 0.891819 0.451964 -0.0196834 34.7469 -0.00955827 0.0623246 0.99801 -0.839714
0.450868 -0.890503 0.0610123 18.0676 0.892541 0.45051 -0.0202766 35.5246 -0.00943025 0.063598 0.997931 -0.845142
0.449553 -0.891341 0.0584247 18.4663 0.893204 0.449253 -0.0189051 36.3132 -0.00939659 0.060684 0.998113 -0.815268
0.448687 -0.891639 0.0605042 18.8207 0.893631 0.448402 -0.0189766 37.0401 -0.0102099 0.062583 0.997988 -0.836983
0.447324 -0.892271 0.0612687 19.1795 0.894312 0.447038 -0.0190506 37.8038 -0.0103911 0.0633151 0.99794 -0.838138
0.446387 -0.893053 0.0565168 19.572 0.894771 0.446245 -0.0158243 38.5698 -0.0110884 0.0576334 0.998276 -0.804891
0.445074 -0.893711 0.0564821 19.8892 0.895396 0.445072 -0.0132998 39.2371 -0.0132525 0.0564932 0.998315 -0.815918
0.444172 -0.894153 0.0565768 20.2784 0.895801 0.444334 -0.0103657 40.0128 -0.0158705 0.0552857 0.998344 -0.830471
0.442073 -0.895275 0.0552661 20.5755 0.896788 0.44241 -0.00663645 40.6345 -0.0185088 0.0524958 0.99845 -0.807482
0.440813 -0.895895 0.0552818 20.9412 0.897482 0.440914 -0.0110081 41.3586 -0.0145124 0.0544669 0.99841 -0.826755
0.440444 -0.896207 0.0531224 21.2494 0.89773 0.440273 -0.0155257 42.0138 -0.0094741 0.0545277 0.998467 -0.817904
0.439498 -0.896731 0.0521013 21.5332 0.89824 0.43893 -0.022496 42.6232 -0.00269595 0.0566864 0.998388 -0.838262
0.439063 -0.897135 0.0487056 21.851 0.898456 0.43848 -0.0226467 43.2687 -0.00103927 0.0537032 0.998556 -0.841126
0.438502 -0.897562 0.0458043 22.1396 0.898724 0.438114 -0.0187375 43.8706 -0.00324948 0.0493819 0.998775 -0.825753
0.437272 -0.897969 0.0494408 22.4351 0.899308 0.436977 -0.0172008 44.4815 -0.00615869 0.0519839 0.998629 -0.828187
0.43638 -0.898354 0.0503299 22.7039 0.899751 0.435969 -0.0194552 45.0212 -0.00446463 0.0537743 0.998543 -0.791165
0.436761 -0.898052 0.0523737 22.989 0.899577 0.436021 -0.0254155 45.5935 -1.16285e-05 0.0582146 0.998304 -0.771075
0.437848 -0.897355 0.0551714 23.2474 0.899039 0.43672 -0.0317046 46.1153 0.00435583 0.063483 0.997973 -0.781572
0.440171 -0.89639 0.0522849 23.4919 0.897895 0.439035 -0.0321359 46.6368 0.0058514 0.0610917 0.998115 -0.774281
0.443816 -0.894732 0.0498252 23.748 0.896109 0.442871 -0.0292342 47.1529 0.0040906 0.0576234 0.99833 -0.797007
0.448177 -0.892492 0.0509428 23.9892 0.893945 0.447416 -0.0261067 47.6292 0.000507357 0.0572404 0.99836 -0.786334
0.452984 -0.889815 0.0550933 24.2405 0.891508 0.45242 -0.0230134 48.1075 -0.00444764 0.0595409 0.998216 -0.780263
0.459496 -0.886174 0.0596537 24.5247 0.888141 0.459065 -0.0215687 48.5986 -0.00827127 0.0628916 0.997986 -0.746808
0.469008 -0.881202 0.0592873 24.7491 0.883128 0.468734 -0.0193221 49.0338 -0.0107633 0.0614205 0.998054 -0.704847
0.480692 -0.875048 0.0568031 25.0137 0.87682 0.480457 -0.0186221 49.4914 -0.0109962 0.0587576 0.998212 -0.721457
0.495766 -0.866874 0.0523922 25.2501 0.868365 0.495686 -0.0154263 49.9118 -0.0125974 0.0531434 0.998507 -0.716228
0.514101 -0.856201 0.051184 25.5191 0.857604 0.51413 -0.0136038 50.294 -0.0146677 0.0508894 0.998597 -0.721318
0.534822 -0.843201 0.0545661 25.7987 0.844793 0.534898 -0.0144306 50.6738 -0.0170194 0.0538149 0.998406 -0.733894
0.558697 -0.827317 0.0583403 26.0701 0.829108 0.55891 -0.0141338 51.053 -0.0209138 0.0562669 0.998197 -0.73304
0.584501 -0.809335 0.0577521 26.3499 0.811033 0.58488 -0.0118729 51.4125 -0.0241689 0.0537786 0.99826 -0.72827
0.612746 -0.788196 0.0573445 26.649 0.789797 0.613294 -0.00957072 51.741 -0.0276254 0.0511549 0.998309 -0.72137
0.645093 -0.76178 0.0595472 26.9095 0.763492 0.645735 -0.0103397 52.0246 -0.0305752 0.0521338 0.998172 -0.735742
0.678235 -0.732553 0.0579923 27.2273 0.734133 0.678937 -0.00961138 52.3132 -0.0323323 0.0490929 0.998271 -0.759271
0.714578 -0.697387 0.0550342 27.5241 0.698833 0.715202 -0.0108754 52.579 -0.0317762 0.0462311 0.998425 -0.789882
0.752518 -0.656259 0.0551495 27.8016 0.657683 0.753212 -0.0111845 52.8359 -0.0341993 0.0446874 0.998415 -0.77192
0.790136 -0.610471 0.0548678 28.0851 0.611831 0.790912 -0.0109568 53.0434 -0.0367068 0.0422272 0.998434 -0.788619
0.826114 -0.560868 0.0544339 28.4535 0.562177 0.826939 -0.0113691 53.3155 -0.0386369 0.0399937 0.998453 -0.799262
0.860189 -0.50714 0.0536948 28.7459 0.508432 0.861004 -0.0129921 53.4502 -0.0396426 0.0384758 0.998473 -0.842241
0.891583 -0.449585 0.0543366 29.0871 0.450937 0.892426 -0.0152147 53.5875 -0.0416511 0.0380676 0.998407 -0.840523
0.919017 -0.390474 0.0542067 29.4402 0.391763 0.919941 -0.0151862 53.7247 -0.0439372 0.0351925 0.998414 -0.845702
0.941968 -0.330962 0.056214 29.8091 0.332235 0.943081 -0.0147749 53.8594 -0.0481245 0.0325937 0.998309 -0.840106
0.961271 -0.269246 0.058855 30.1592 0.270432 0.96265 -0.0130609 53.9366 -0.0531402 0.0284714 0.998181 -0.864955
0.97621 -0.208535 0.0593894 30.5243 0.209595 0.977713 -0.0121441 53.9872 -0.0555333 0.0243029 0.998161 -0.887242
0.98725 -0.148108 0.0583234 30.9157 0.149201 0.988696 -0.0148329 54.0401 -0.0554673 0.0233456 0.998188 -0.917114
0.99419 -0.0898006 0.0593429 31.2945 0.0910888 0.995654 -0.0193659 54.0308 -0.057346 0.0246589 0.99805 -0.928793
0.997653 -0.0335948 0.0596661 31.6779 0.0348741 0.999181 -0.0205305 54.0179 -0.0589275 0.0225631 0.998007 -0.940338
0.998031 0.0212221 0.0590278 32.0469 -0.0203459 0.999674 -0.0154059 54.0097 -0.0593355 0.0141746 0.998137 -0.948207
0.995677 0.072537 0.0580183 32.4255 -0.0718944 0.997326 -0.0130911 53.9954 -0.0588128 0.00886332 0.99823 -0.965816
0.991221 0.12003 0.0554441 32.808 -0.119197 0.992705 -0.0181178 53.9463 -0.0572144 0.01135 0.998297 -1.01885
0.984766 0.164911 0.0551442 33.1804 -0.163445 0.986092 -0.0301454 53.8732 -0.0593486 0.0206731 0.998023 -1.04545
0.977385 0.202981 0.0593067 33.5785 -0.201111 0.978906 -0.0360298 53.7711 -0.065369 0.0232877 0.997589 -1.02962
0.969429 0.237895 0.0601067 33.9298 -0.236115 0.971085 -0.0352693 53.6792 -0.0667592 0.019999 0.997569 -1.01186
0.961414 0.26918 0.0567989 34.3018 -0.268142 0.963047 -0.025318 53.6257 -0.0615151 0.00911095 0.998065 -1.02176
0.952989 0.298179 0.0538737 34.677 -0.297629 0.954509 -0.0181369 53.5497 -0.056831 0.00124987 0.998383 -1.07798
0.944286 0.324903 0.0525522 35.0592 -0.324385 0.945747 -0.0183409 53.4262 -0.0556601 0.000271883 0.99845 -1.09332
0.935946 0.348795 0.0484506 35.4492 -0.348086 0.937189 -0.0226529 53.2872 -0.0533086 0.00433692 0.998569 -1.11353
0.92864 0.368609 0.0418996 35.8165 -0.367706 0.929526 -0.0278155 53.1028 -0.0491998 0.0104238 0.998735 -1.15368
0.921645 0.386477 0.0347192 36.2161 -0.385677 0.92222 -0.0276307 52.8894 -0.0426973 0.0120754 0.999015 -1.16996
0.914674 0.402681 0.0349282 36.658 -0.402115 0.915318 -0.0222591 52.7475 -0.0409337 0.00631463 0.999142 -1.17336
0.907866 0.417361 0.039875 37.0677 -0.416842 0.908738 -0.0209324 52.5826 -0.0449723 0.00238221 0.998985 -1.2091
0.901584 0.430403 0.0435762 37.5188 -0.429793 0.902635 -0.0229852 52.3644 -0.0492263 0.00199437 0.998786 -1.23677
0.895877 0.442009 0.0450844 37.9613 -0.441291 0.897006 -0.0253309 52.1455 -0.0516375 0.00279796 0.998662 -1.25118
0.890255 0.453324 0.0440852 38.4042 -0.452474 0.891331 -0.0282281 51.9219 -0.052091 0.00518281 0.998629 -1.27598
0.885543 0.462817 0.040164 38.8798 -0.46175 0.886387 -0.0332432 51.7007 -0.0509864 0.0108926 0.99864 -1.31428
0.881946 0.46979 0.0383185 39.3621 -0.468635 0.882677 -0.0355409 51.4471 -0.0505196 0.0133878 0.998633 -1.33332
0.878737 0.475881 0.0368473 39.8664 -0.47462 0.879363 -0.0381669 51.1765 -0.050565 0.0160503 0.998592 -1.36754
0.876177 0.48064 0.0360288 40.3598 -0.479366 0.876759 -0.038748 50.8947 -0.0502124 0.0166791 0.998599 -1.39413
0.873239 0.485941 0.0362667 40.8734 -0.48472 0.873857 -0.0376907 50.6189 -0.0500073 0.0153338 0.998631 -1.43156
0.870859 0.490272 0.0351835 41.4136 -0.489061 0.871427 -0.0378763 50.3487 -0.0492296 0.015778 0.998663 -1.45424
0.869557 0.492638 0.0343216 41.9559 -0.491339 0.87005 -0.0399899 50.0183 -0.0495621 0.01791 0.99861 -1.48338
0.8683 0.494864 0.0341186 42.4764 -0.493548 0.868779 -0.0404234 49.7225 -0.0496456 0.0182605 0.9986 -1.49307
0.867277 0.496699 0.0334639 43.0659 -0.495328 0.8677 -0.0418102 49.3602 -0.0498037 0.0196854 0.998565 -1.53346
0.866759 0.497711 0.0318043 43.6317 -0.496225 0.867036 -0.0448202 49.0276 -0.049883 0.0230662 0.998489 -1.55706
0.866894 0.497499 0.0314582 44.2254 -0.495967 0.867127 -0.0459105 48.6802 -0.0501187 0.0241973 0.99845 -1.59304
0.868467 0.49488 0.0292948 44.846 -0.49324 0.868501 -0.0492002 48.3226 -0.0497907 0.0282794 0.998359 -1.63645
0.87048 0.491462 0.0270152 45.4875 -0.489758 0.870314 -0.0518748 47.9768 -0.0490062 0.031925 0.998288 -1.66315
0.87302 0.486944 0.0268523 46.163 -0.485167 0.872784 -0.0534921 47.6064 -0.049484 0.0336718 0.998207 -1.688
0.874861 0.483578 0.0277489 46.8432 -0.481799 0.874681 -0.05295 47.2467 -0.0498769 0.0329545 0.998212 -1.74074
0.876944 0.479749 0.0284513 47.5059 -0.477916 0.87677 -0.0535687 46.8633 -0.0506448 0.0333794 0.998159 -1.78376
0.878612 0.476572 0.0303272 48.1796 -0.474614 0.878488 -0.0547731 46.5296 -0.0527454 0.0337306 0.998038 -1.79893
0.88013 0.473574 0.0331477 48.9144 -0.471664 0.880233 -0.052181 46.141 -0.0538892 0.0302915 0.998087 -1.83017
0.88224 0.469589 0.0337524 49.628 -0.467748 0.882415 -0.0505502 45.7861 -0.0535214 0.0288097 0.998151 -1.84027
0.883688 0.466831 0.0341344 50.3463 -0.465247 0.884013 -0.045461 45.4207 -0.0513978 0.0242924 0.998383 -1.88312
0.884714 0.465025 0.0321328 51.0798 -0.463772 0.885068 -0.0396231 45.0463 -0.0468655 0.0201528 0.998698 -1.92565
0.884896 0.464758 0.0309674 51.7887 -0.463724 0.885278 -0.0352543 44.6921 -0.0437995 0.016836 0.998898 -1.97513
0.88443 0.465507 0.0329746 52.5547 -0.464589 0.884949 -0.0319648 44.3036 -0.0440607 0.012951 0.998945 -2.02853
0.884727 0.464899 0.0335823 53.2733 -0.463929 0.88526 -0.0329325 43.9383 -0.0450394 0.0135564 0.998893 -2.04175
0.884862 0.464398 0.0367905 53.9733 -0.463479 0.885566 -0.0309761 43.5832 -0.0469657 0.010358 0.998843 -2.08393
0.884939 0.4641 0.0386621 54.6985 -0.463253 0.885748 -0.0290987 43.2067 -0.0477496 0.00784026 0.998828 -2.10924
0.885373 0.463378 0.0373577 55.435 -0.462453 0.886103 -0.0309645 42.8216 -0.047451 0.010139 0.998822 -2.13312
0.885051 0.463937 0.0380417 56.1735 -0.463121 0.885835 -0.0285616 42.4384 -0.0469495 0.00766053 0.998868 -2.18607
0.884786 0.464311 0.0396124 56.9105 -0.463735 0.885669 -0.0232321 42.0455 -0.0458704 0.00218579 0.998945 -2.19656
0.883494 0.466791 0.0393064 57.6186 -0.466229 0.884365 -0.0229893 41.7186 -0.0454924 0.0019851 0.998963 -2.24622
0.881647 0.470124 0.0409992 58.3058 -0.469549 0.882599 -0.0232777 41.3322 -0.0471293 0.00127159 0.998888 -2.28931
0.879085 0.474173 0.0486789 59.0579 -0.473882 0.880403 -0.0180871 40.9336 -0.0514335 -0.00716792 0.998651 -2.29608
0.876446 0.478805 0.0508821 59.7561 -0.478619 0.877867 -0.0165689 40.5776 -0.0526009 -0.00983137 0.998567 -2.31432
0.872341 0.486213 0.0511606 60.4876 -0.486059 0.873775 -0.016257 40.1626 -0.0526072 -0.0106855 0.998558 -2.34619
0.868272 0.493464 0.0509682 61.1962 -0.493305 0.869699 -0.0165179 39.7778 -0.052478 -0.0108008 0.998564 -2.37944
0.863387 0.501948 0.0510949 61.8804 -0.501802 0.864824 -0.0165754 39.4037 -0.0525081 -0.0113286 0.998556 -2.40321
0.858104 0.510918 0.0511988 62.5637 -0.510782 0.859548 -0.0166862 38.9984 -0.0525331 -0.011833 0.998549 -2.44887
0.852869 0.519352 0.0537376 63.2742 -0.519354 0.854427 -0.015027 38.5896 -0.0537192 -0.0150928 0.998442 -2.48366
0.846684 0.529352 0.053968 63.9585 -0.529373 0.848255 -0.0150891 38.1622 -0.0537661 -0.0157935 0.998429 -2.4979
0.840615 0.538691 0.0563699 64.6213 -0.538952 0.842254 -0.0117781 37.7178 -0.0538226 -0.0204799 0.99834 -2.51591
0.834742 0.547837 0.0555027 65.2819 -0.548068 0.836343 -0.0123287 37.2984 -0.0531735 -0.020128 0.998382 -2.57299
0.828405 0.557453 0.0547009 65.9347 -0.557687 0.82996 -0.0123006 36.8992 -0.0522565 -0.0203161 0.998427 -2.62403
0.82251 0.565978 0.0561 66.5735 -0.566351 0.824097 -0.0105311 36.4475 -0.0521922 -0.0231104 0.99837 -2.65278
0.816646 0.574642 0.0536257 67.2002 -0.574935 0.818121 -0.0113477 35.9993 -0.0503932 -0.0215642 0.998497 -2.69418
0.811367 0.582125 0.0530435 67.8382 -0.582382 0.812825 -0.0120776 35.5556 -0.0501458 -0.0210922 0.998519 -2.69825
0.806129 0.589477 0.0517099 68.4125 -0.589597 0.807567 -0.0145295 35.1478 -0.050324 -0.0187753 0.998556 -2.74943
0.800265 0.59734 0.0525406 69.0155 -0.59757 0.801712 -0.0129445 34.6826 -0.0498547 -0.0210377 0.998535 -2.77608
0.796317 0.602632 0.0520974 69.5988 -0.602714 0.797799 -0.0158786 34.2352 -0.0511322 -0.0187555 0.998516 -2.80855
0.79295 0.607033 0.0523597 70.1908 -0.606995 0.794491 -0.0184621 33.7728 -0.0528064 -0.0171426 0.998458 -2.8306
0.790545 0.610031 0.0538665 70.7823 -0.609978 0.792183 -0.0193149 33.318 -0.0544548 -0.0175881 0.998361 -2.85607
0.788933 0.61209 0.054135 71.3315 -0.611915 0.790626 -0.0216848 32.8887 -0.0560736 -0.0160182 0.998298 -2.88941
0.787769 0.613577 0.0542536 71.8719 -0.613328 0.789491 -0.0230826 32.478 -0.0569957 -0.0150915 0.99826 -2.92467
0.787678 0.613854 0.0524058 72.4062 -0.613508 0.789313 -0.0243581 32.0643 -0.0563169 -0.012965 0.998329 -2.95712
0.788326 0.612916 0.0536293 72.9047 -0.61277 0.789981 -0.0210576 31.6868 -0.0552727 -0.0162622 0.998339 -2.98994
0.790025 0.610867 0.0519851 73.3843 -0.610717 0.791582 -0.0205788 31.2863 -0.0537214 -0.0154904 0.998436 -3.0125
0.7928 0.607492 0.0492172 73.8985 -0.607202 0.794233 -0.0223705 30.9136 -0.0526799 -0.0121494 0.998538 -3.0459
0.798401 0.600175 0.0484351 74.3956 -0.599896 0.799783 -0.0217241 30.53 -0.0517759 -0.0117114 0.99859 -3.04993
0.804639 0.591847 0.0476818 74.8883 -0.591452 0.805997 -0.0235115 30.1768 -0.0523466 -0.00928321 0.998586 -3.07223
0.812205 0.581406 0.0478566 75.3802 -0.581108 0.813546 -0.0213535 29.8629 -0.0513486 -0.0104664 0.998626 -3.0987
0.822036 0.567551 0.0462924 75.8221 -0.56724 0.823288 -0.0208666 29.5637 -0.0499548 -0.00910577 0.99871 -3.12989
0.833283 0.551032 0.0447549 76.2938 -0.550767 0.834439 -0.0191749 29.2815 -0.0479113 -0.0086714 0.998814 -3.15458
0.846972 0.529912 0.0427953 76.7116 -0.529674 0.848018 -0.0176438 29.0161 -0.0456408 -0.00772377 0.998928 -3.17664
0.860589 0.507457 0.0432837 77.1897 -0.507363 0.86162 -0.0139456 28.8152 -0.0443709 -0.00995908 0.998966 -3.19269
0.87518 0.481823 0.0436638 77.6778 -0.481726 0.876219 -0.013401 28.6225 -0.0447159 -0.00930575 0.998956 -3.23168
0.892431 0.449036 0.0439764 78.1587 -0.448837 0.89349 -0.0148531 28.393 -0.0459621 -0.00648287 0.998922 -3.2707
0.910327 0.411311 0.0461223 78.6378 -0.411062 0.911481 -0.0152183 28.2129 -0.048299 -0.0051055 0.99882 -3.28355
0.9282 0.368714 0.0499414 79.1433 -0.368421 0.929533 -0.015305 28.0859 -0.0520654 -0.00419334 0.998635 -3.26733
0.944251 0.324651 0.0546908 79.6512 -0.324401 0.945821 -0.013645 27.9441 -0.0561576 -0.00485742 0.99841 -3.2941
0.95919 0.276807 0.057722 80.1411 -0.276574 0.960916 -0.0121472 27.8607 -0.0588284 -0.00431296 0.998259 -3.30889
0.97368 0.220493 0.0577133 80.68 -0.220084 0.975388 -0.0134264 27.806 -0.0592533 0.000371253 0.998243 -3.33748
0.985491 0.159985 0.0566708 81.1507 -0.159408 0.987105 -0.0145919 27.7919 -0.0582746 0.00534642 0.998286 -3.348
0.993989 0.0965407 0.0516271 81.6377 -0.09582 0.995266 -0.0162619 27.7633 -0.0529527 0.0112173 0.998534 -3.36903
0.998414 0.0302572 0.0474775 82.1324 -0.0294219 0.999401 -0.018196 27.7701 -0.0479996 0.0167702 0.998707 -3.4006
0.998263 -0.0383469 0.044721 82.6086 0.0390941 0.999108 -0.0159537 27.8039 -0.0440694 0.0176743 0.998872 -3.44321
0.993294 -0.107766 0.041871 83.0535 0.108485 0.993981 -0.0152849 27.9569 -0.0399718 0.0197248 0.999006 -3.46599
0.98343 -0.177122 0.0386504 83.5058 0.177876 0.983906 -0.0170187 28.0442 -0.035014 0.0236116 0.999108 -3.46304
0.969235 -0.243116 0.0384498 83.9445 0.243927 0.969627 -0.0179561 28.1956 -0.0329166 0.0267826 0.999099 -3.49973
0.950108 -0.309086 0.041954 84.3805 0.310006 0.950576 -0.0173757 28.3797 -0.0345099 0.0295148 0.998968 -3.51062
0.926951 -0.37238 0.0457677 84.7683 0.373358 0.92757 -0.0147774 28.5728 -0.0369499 0.0307856 0.998843 -3.50882
0.900166 -0.432665 0.0500206 85.1778 0.433703 0.900981 -0.0116378 28.8044 -0.0400323 0.03217 0.99868 -3.52183
0.870778 -0.488615 0.0547721 85.5938 0.489798 0.87178 -0.00986482 29.0433 -0.0429291 0.0354173 0.99845 -3.54444
0.84138 -0.537177 0.0593333 85.9213 0.538443 0.842637 -0.00656453 29.3252 -0.0464701 0.0374708 0.998217 -3.51048
0.812167 -0.58033 0.0600113 86.2924 0.581517 0.813529 -0.00290845 29.6033 -0.0471331 0.0372598 0.998193 -3.50665
0.785625 -0.616054 0.0571972 86.6319 0.616938 0.787007 0.00275532 29.8992 -0.0467121 0.0331225 0.998359 -3.53808
0.761917 -0.645526 0.0527089 86.9616 0.646271 0.763099 0.00370454 30.1959 -0.0426135 0.0312417 0.998603 -3.52511
0.739451 -0.671308 0.0505793 87.2994 0.672072 0.740482 0.00252296 30.5129 -0.0391468 0.0321273 0.998717 -3.59285
0.723532 -0.68827 0.0527822 87.6132 0.689251 0.724523 -0.000530543 30.8366 -0.0378768 0.0367641 0.998606 -3.60548
0.711003 -0.70098 0.0556897 87.9426 0.702207 0.711964 -0.00357396 31.1519 -0.0371438 0.0416468 0.998442 -3.59378
0.70148 -0.710606 0.0544538 88.2817 0.711701 0.702482 -0.00101775 31.5198 -0.0375296 0.0394687 0.998516 -3.5915
0.694439 -0.717808 0.0500571 88.625 0.718607 0.69541 0.00283758 31.8849 -0.0368471 0.0340009 0.998742 -3.60453
0.690871 -0.721553 0.0453733 88.9733 0.722104 0.691761 0.00577605 32.2679 -0.0355552 0.0287737 0.998953 -3.62932
0.689354 -0.723502 0.0365571 89.3237 0.723715 0.690034 0.00944151 32.6725 -0.0320566 0.0199484 0.999287 -3.63399
0.690034 -0.722973 0.0341096 89.6824 0.723186 0.690608 0.00784472 33.0857 -0.0292279 0.0192544 0.999387 -3.67866
0.692461 -0.720705 0.0328874 90.0598 0.720966 0.692951 0.00523035 33.5014 -0.0265589 0.0200889 0.999445 -3.7089
0.695217 -0.717976 0.0344138 90.4428 0.71845 0.695575 -0.00211456 33.8754 -0.0224192 0.0261947 0.999405 -3.71883
0.698772 -0.714634 0.0318831 90.8541 0.715083 0.699027 -0.00411832 34.313 -0.0193441 0.0256768 0.999483 -3.72119
0.702471 -0.711166 0.0278749 91.2867 0.711461 0.702725 -0.0009546 34.7542 -0.0189095 0.0205025 0.999611 -3.69928
0.706264 -0.707463 0.0262206 91.6782 0.707611 0.706587 0.00470871 35.1881 -0.0218583 0.0152284 0.999645 -3.72394
0.709071 -0.704501 0.0299575 92.1679 0.704657 0.709516 0.00677601 35.6453 -0.026029 0.0163051 0.999528 -3.75073
0.712376 -0.700797 0.0374765 92.5865 0.701117 0.713021 0.00597641 36.0882 -0.0309098 0.022018 0.99928 -3.74227
0.714363 -0.698613 0.0403096 93.0442 0.69895 0.715132 0.00735123 36.5395 -0.0339624 0.022923 0.99916 -3.75159
0.716325 -0.696549 0.0412058 93.5245 0.696933 0.717106 0.00651341 36.9803 -0.0340859 0.024052 0.999129 -3.79679
0.7166 -0.6961 0.0439161 94.0218 0.696725 0.717337 0.00148549 37.4492 -0.0325367 0.0295329 0.999034 -3.82131
0.717117 -0.695467 0.0454961 94.5099 0.696413 0.717602 -0.00751052 37.9201 -0.0274247 0.03707 0.998936 -3.81601
0.716543 -0.696582 0.0366143 95.0192 0.697232 0.716803 -0.00776805 38.4292 -0.0208342 0.0310948 0.999299 -3.8334
0.714726 -0.698684 0.0317393 95.4695 0.699198 0.714882 -0.00814908 38.8991 -0.0169962 0.0280164 0.999463 -3.84576
0.712542 -0.700856 0.0329392 95.981 0.701364 0.712778 -0.00597706 39.4089 -0.0192893 0.0273613 0.999439 -3.85901
0.711505 -0.701725 0.0366372 96.4779 0.702193 0.711987 0.000143861 39.9053 -0.0261861 0.025624 0.999329 -3.87698
0.708889 -0.704195 0.0398182 96.9975 0.704689 0.709513 0.00225856 40.4388 -0.029842 0.0264583 0.999204 -3.87495
0.707568 -0.705503 0.040166 97.5324 0.706001 0.708206 0.00244244 40.9807 -0.0301689 0.026629 0.99919 -3.88496
0.706813 -0.706597 0.0337045 98.0673 0.706971 0.707242 0.00116035 41.5139 -0.0246571 0.0230079 0.999431 -3.89709
0.705062 -0.708458 0.0312255 98.6016 0.708839 0.705368 -0.00165238 42.0803 -0.0208548 0.0232989 0.999511 -3.91575
0.70232 -0.711275 0.0289099 99.1099 0.711608 0.702574 -0.00184665 42.6213 -0.0189979 0.0218695 0.99958 -3.94423
0.699074 -0.714378 0.0309615 99.6787 0.714806 0.69931 -0.00420959 43.2056 -0.0186445 0.0250743 0.999512 -3.94984
0.695869 -0.717349 0.0343046 100.249 0.717894 0.69613 -0.0056018 43.7841 -0.019862 0.0285252 0.999396 -3.98346
0.694252 -0.718826 0.0360999 100.801 0.719394 0.69459 -0.00420102 44.3574 -0.0220549 0.0288866 0.999339 -3.99551
0.693708 -0.719238 0.0382743 101.387 0.719879 0.694084 -0.00455388 44.9629 -0.0232902 0.0307119 0.999257 -3.99522
0.693445 -0.719201 0.0434056 101.966 0.720089 0.69384 -0.00762438 45.5462 -0.024633 0.0365429 0.999028 -3.99254
0.692967 -0.719611 0.0442388 102.497 0.720544 0.693361 -0.00820652 46.111 -0.024768 0.0375628 0.998987 -4.00498
0.692655 -0.7201 0.041041 103.083 0.720896 0.693004 -0.00731465 46.7292 -0.0231743 0.0346528 0.999131 -4.01724
0.693752 -0.719375 0.0347445 103.664 0.719871 0.694103 -0.00263566 47.3681 -0.0222203 0.0268401 0.999393 -4.04596
0.694271 -0.719079 0.0302134 104.252 0.719387 0.694609 0.000973408 47.9769 -0.0216865 0.0210593 0.999543 -4.06342
0.695091 -0.718466 0.0256126 104.85 0.718592 0.69541 0.00553558 48.5779 -0.0217884 0.0145572 0.999657 -4.0874
0.698281 -0.715371 0.0254467 105.435 0.715424 0.698638 0.00855603 49.1865 -0.0238987 0.0122307 0.99964 -4.1075
0.700317 -0.71332 0.027028 106.018 0.71345 0.700679 0.00615717 49.8159 -0.02333 0.0149712 0.999616 -4.12581
0.701392 -0.712321 0.0254631 106.62 0.712439 0.701711 0.00567312 50.4293 -0.0219088 0.0141618 0.99966 -4.14747
0.703 -0.710725 0.0257301 107.251 0.710875 0.703305 0.00430622 51.0342 -0.0211566 0.0152636 0.99966 -4.18365
0.703091 -0.710603 0.0265762 107.853 0.710792 0.703395 0.00316689 51.6407 -0.020944 0.0166635 0.999642 -4.1832
0.703279 -0.710329 0.0288407 108.456 0.710597 0.703598 0.00134403 52.2359 -0.021247 0.0195489 0.999583 -4.18431
0.704759 -0.708816 0.0298929 109.083 0.709062 0.705139 0.00321252 52.8676 -0.0233557 0.0189319 0.999548 -4.18617
0.705203 -0.708382 0.0297116 109.656 0.708484 0.705672 0.00876472 53.4936 -0.0271754 0.0148693 0.99952 -4.18181
0.705693 -0.707922 0.0290471 110.245 0.707871 0.706208 0.0137442 54.0981 -0.0302431 0.0108624 0.999484 -4.17702
0.706867 -0.70686 0.0262246 110.872 0.706922 0.707241 0.00840928 54.7096 -0.0244913 0.0125945 0.999621 -4.21434
0.707541 -0.706384 0.0201804 111.451 0.706556 0.707654 -0.00209321 55.2911 -0.0128022 0.0157396 0.999794 -4.24831
0.707402 -0.70659 0.0176699 112.046 0.706781 0.707381 -0.00849794 55.89 -0.00649479 0.0185002 0.999808 -4.21255
0.70681 -0.707185 0.0176131 112.654 0.707344 0.706855 -0.00454589 56.4744 -0.00923515 0.0156716 0.999835 -4.20734
0.706722 -0.706951 0.0276564 113.215 0.707123 0.707075 0.00462727 57.0618 -0.0228264 0.0162863 0.999607 -4.22664
0.703645 -0.708741 0.0506908 113.841 0.708891 0.705087 0.0180776 57.6885 -0.0485537 0.023214 0.998551 -4.27598
0.703843 -0.708666 0.0489656 114.425 0.709015 0.705076 0.0128309 58.2828 -0.0436173 0.0256864 0.998718 -4.3199
0.703074 -0.710389 0.0321685 114.992 0.710562 0.703593 0.00766246 58.8638 -0.0280768 0.0174704 0.999453 -4.27082
0.702603 -0.7113 0.0200307 115.567 0.711374 0.7028 0.00439689 59.4908 -0.0172051 0.0111601 0.99979 -4.2447
0.701491 -0.712374 0.0208362 116.125 0.712446 0.701709 0.00500583 60.0462 -0.018187 0.0113331 0.99977 -4.27264
0.699702 -0.714004 0.0247877 116.725 0.714176 0.699962 0.00263339 60.6606 -0.0192307 0.0158602 0.999689 -4.25135
0.697536 -0.716041 0.0270042 117.296 0.716316 0.697776 -0.000752024 61.2878 -0.0183044 0.0198681 0.999635 -4.23431
0.693657 -0.719867 0.0251166 117.838 0.720146 0.693815 -0.00317949 61.8424 -0.0151375 0.0202931 0.999679 -4.23437
0.69131 -0.722245 0.021297 118.391 0.722401 0.691475 0.000530891 62.4488 -0.0151098 0.0150179 0.999773 -4.23145
0.689352 -0.724184 0.018707 118.954 0.724271 0.68951 0.0029155 63.0663 -0.01501 0.0115392 0.999821 -4.23671
0.688604 -0.724899 0.0185881 119.481 0.724966 0.688773 0.00413289 63.6249 -0.0157989 0.0106298 0.999819 -4.2212
0.688179 -0.72519 0.0225727 120.074 0.725323 0.688402 0.00311143 64.2431 -0.0177954 0.0142312 0.99974 -4.18336
0.686614 -0.726708 0.0213551 120.607 0.726755 0.686862 0.00691552 64.825 -0.0196936 0.0107716 0.999748 -4.23429
0.685065 -0.728132 0.0225712 121.171 0.728291 0.685266 0.00167223 65.4305 -0.0166849 0.0152928 0.999744 -4.23636
0.682269 -0.730725 0.0234297 121.735 0.730974 0.682398 -0.0032173 66.0175 -0.0136374 0.0193215 0.99972 -4.22439
0.67802 -0.734667 0.0235233 122.273 0.734925 0.678138 -0.00379581 66.6022 -0.0131634 0.0198615 0.999716 -4.23091
0.672592 -0.739578 0.0253791 122.81 0.739841 0.67278 -0.00148354 67.2119 -0.0159773 0.0197743 0.999677 -4.24124
0.667644 -0.743781 0.0322705 123.349 0.744135 0.668027 0.0015219 67.7936 -0.0226895 0.0229975 0.999478 -4.26761
0.663447 -0.747161 0.0398618 123.886 0.747495 0.66421 0.00875472 68.4001 -0.0330178 0.0239882 0.999167 -4.30296
0.660291 -0.749815 0.0423502 124.43 0.750116 0.661206 0.0114945 69.0223 -0.0366209 0.0241779 0.999037 -4.29282
0.657464 -0.752452 0.0394594 124.94 0.752752 0.658233 0.00965939 69.6387 -0.0332417 0.0233524 0.999174 -4.33438
0.652703 -0.756734 0.0364985 125.456 0.757199 0.653182 0.00162127 70.236 -0.025067 0.0265784 0.999332 -4.33119
0.647651 -0.761292 0.0313517 125.961 0.761749 0.647856 -0.00446332 70.854 -0.0169135 0.0267728 0.999498 -4.33277
0.641653 -0.766507 0.0273697 126.459 0.766847 0.641822 -0.00321965 71.5035 -0.0150986 0.0230542 0.99962 -4.35767
0.637004 -0.770513 0.0231536 127.02 0.770638 0.637255 0.00491101 72.1323 -0.0185388 0.0147147 0.99972 -4.33105
0.629881 -0.776498 0.017374 127.492 0.77651 0.63006 0.00755061 72.7446 -0.0168097 0.00873513 0.999821 -4.37875
0.623024 -0.782078 0.0139555 127.985 0.782114 0.623123 0.00396346 73.419 -0.0117958 0.00844547 0.999895 -4.36395
0.616719 -0.787062 0.013848 128.507 0.787134 0.616782 0.000409238 74.0445 -0.0088633 0.0106479 0.999904 -4.37947
0.609319 -0.792823 0.0127391 129.006 0.792864 0.609393 0.00264368 74.7305 -0.0098591 0.00848955 0.999915 -4.38155
0.60268 -0.797852 0.0144359 129.481 0.797829 0.60282 0.00869831 75.3992 -0.0156422 0.00627508 0.999858 -4.35746
0.596386 -0.802504 0.0176515 129.956 0.802439 0.596607 0.012277 76.0471 -0.0203833 0.00684246 0.999769 -4.36664
0.589309 -0.807636 0.0209685 130.44 0.807582 0.58961 0.0131051 76.7534 -0.0229474 0.0092108 0.999694 -4.42042
0.584899 -0.810815 0.0217127 130.905 0.810726 0.585235 0.0149463 77.3974 -0.0248257 0.0088609 0.999652 -4.44016
0.581399 -0.813351 0.0208567 131.403 0.813265 0.581711 0.0145605 78.0981 -0.0239754 0.00849656 0.999676 -4.44088
0.577494 -0.816245 0.0156617 131.86 0.81616 0.577682 0.0129017 78.7806 -0.0195784 0.00533182 0.999794 -4.40498
0.574477 -0.818476 0.00856976 132.312 0.81842 0.574539 0.00968826 79.4672 -0.0128533 0.00144798 0.999916 -4.38024
0.571746 -0.820425 0.00296393 132.783 0.82039 0.57175 0.0078874 80.1518 -0.00816565 -0.00207801 0.999964 -4.40368
0.569489 -0.821998 0.00132236 133.26 0.821931 0.569462 0.0119062 80.8627 -0.0105399 -0.00569359 0.999928 -4.4243
0.567096 -0.823644 0.00358852 133.74 0.823412 0.56703 0.0216608 81.5527 -0.0198756 -0.00932892 0.999759 -4.4411
0.564011 -0.825731 0.00769599 134.196 0.825225 0.563954 0.0309858 82.2549 -0.0299261 -0.0111254 0.99949 -4.47891
0.560333 -0.828162 0.0132089 134.61 0.827767 0.560478 0.025811 82.8799 -0.028779 -0.0035289 0.99958 -4.477
0.556108 -0.830967 0.0154436 135.089 0.830865 0.556299 0.0139338 83.534 -0.0201698 0.00508282 0.999784 -4.45766
0.551007 -0.834398 0.0130856 135.538 0.834384 0.551124 0.00808391 84.2178 -0.013957 0.00646415 0.999882 -4.47382
0.545013 -0.838402 0.00652038 135.962 0.838331 0.545052 0.010936 84.9048 -0.0127227 -0.000494008 0.999919 -4.48538
0.538706 -0.842444 0.00918479 136.423 0.842272 0.538782 0.017057 85.6324 -0.0193181 -0.00145259 0.999812 -4.49191
0.532305 -0.846459 0.0125704 136.84 0.84623 0.532454 0.0197074 86.3195 -0.0233747 0.000147131 0.999727 -4.47882
0.527313 -0.84942 0.020655 137.304 0.849272 0.527655 0.0178375 87.0182 -0.0260502 0.00813581 0.999628 -4.50253
0.52269 -0.851946 0.0313328 137.754 0.852129 0.523212 0.0111427 87.7497 -0.0258866 0.0208754 0.999447 -4.46852
0.517575 -0.855068 0.0312267 138.15 0.855362 0.51799 0.0064743 88.3886 -0.0217111 0.0233592 0.999491 -4.46353
0.511994 -0.858636 0.0246363 138.616 0.858871 0.512189 0.00188881 89.0992 -0.0142402 0.0201924 0.999695 -4.48291
0.505935 -0.862399 0.0172327 139.059 0.86253 0.506006 -0.000288299 89.8442 -0.00847122 0.0150096 0.999851 -4.52948
0.499829 -0.865938 0.0179398 139.476 0.865999 0.500002 0.00667568 90.5907 -0.0147506 0.0121991 0.999817 -4.51947
0.495357 -0.868519 0.0172212 139.869 0.868344 0.495621 0.0183985 91.3317 -0.0245146 0.00584014 0.999682 -4.55752
0.490469 -0.871159 0.0228465 140.258 0.870797 0.490949 0.0260924 92.1101 -0.0339472 0.00709718 0.999398 -4.57627
0.487789 -0.872596 0.0252541 140.641 0.872336 0.48833 0.0237325 92.8163 -0.0330413 0.0104536 0.999399 -4.58862
0.485213 -0.874076 0.023645 141.045 0.874097 0.485576 0.013025 93.5946 -0.0228663 0.0143482 0.999635 -4.59243
0.483367 -0.875357 0.0102901 141.454 0.875332 0.483451 0.00830421 94.3537 -0.0122439 0.00499329 0.999913 -4.57949
0.481816 -0.876254 0.00566441 141.839 0.87622 0.481848 0.00784582 95.0471 -0.00960432 0.00118302 0.999953 -4.57216
0.479674 -0.877422 0.00656138 142.262 0.877364 0.479718 0.0101566 95.8025 -0.0120593 0.000884846 0.999927 -4.6187
0.47856 -0.87799 0.0106775 142.677 0.87786 0.478675 0.0152606 96.5906 -0.0185097 0.00207026 0.999827 -4.6253
0.478979 -0.877688 0.0155632 143.053 0.877451 0.479218 0.0207383 97.2917 -0.02566 0.00372276 0.999664 -4.66494
0.477826 -0.878284 0.0172873 143.488 0.878084 0.478104 0.0196088 98.0534 -0.0254872 0.0058101 0.999658 -4.66403
0.47559 -0.879371 0.0228267 143.842 0.879481 0.475863 0.00823289 98.7589 -0.0181022 0.0161602 0.999705 -4.63633
0.473817 -0.880297 0.0239505 144.223 0.880594 0.473848 -0.00472948 99.4932 -0.00718553 0.0233315 0.999702 -4.62294
0.473036 -0.88082 0.0198473 144.678 0.881039 0.472985 -0.00749029 100.261 -0.00278986 0.0210294 0.999775 -4.63935
0.472035 -0.881473 0.0137635 145.073 0.881559 0.472075 -0.000387458 101.023 -0.00615589 0.0123163 0.999905 -4.64636
0.470375 -0.882384 0.0120412 145.468 0.882381 0.470476 0.00750042 101.79 -0.0122833 0.0070969 0.999899 -4.65225
0.469123 -0.882899 0.0203204 145.889 0.882946 0.469373 0.00977814 102.586 -0.0181709 0.0133546 0.999746 -4.65993
0.468525 -0.882946 0.0298503 146.246 0.883323 0.468763 0.00111521 103.289 -0.0149774 0.0258449 0.999554 -4.6436
0.468865 -0.882876 0.0263819 146.603 0.883228 0.468925 -0.00423205 104.031 -0.00863478 0.0252855 0.999643 -4.63712
0.468836 -0.883164 0.0146227 147.046 0.883251 0.4689 0.0010635 104.823 -0.0077958 0.0124169 0.999893 -4.64755
0.467499 -0.883918 0.0115472 147.393 0.883936 0.467577 0.00526477 105.56 -0.0100528 0.00774573 0.999919 -4.65283
0.467312 -0.883999 0.0128734 147.763 0.883986 0.467432 0.0086923 106.283 -0.0137014 0.00731793 0.999879 -4.64647
0.4665 -0.884379 0.01584 148.207 0.884366 0.466679 0.0103723 107.099 -0.0165652 0.00916972 0.999821 -4.63523
0.466309 -0.884558 0.0105991 148.537 0.884456 0.46642 0.0137495 107.762 -0.0171059 0.00296291 0.999849 -4.63403
0.465934 -0.884733 0.0123423 148.925 0.884721 0.466044 0.00839151 108.54 -0.0131763 0.0070096 0.999889 -4.64209
0.465367 -0.885062 0.00992941 149.29 0.885086 0.465416 0.00321053 109.27 -0.00746282 0.00729431 0.999946 -4.63057
0.464355 -0.885617 0.00749891 149.639 0.885606 0.464399 0.00590033 109.961 -0.00870792 0.00390124 0.999954 -4.60165
0.462252 -0.886717 0.0074664 150.059 0.886588 0.462312 0.0151316 110.735 -0.0168692 -0.000374977 0.999858 -4.67115
0.460825 -0.887388 0.0135035 150.437 0.887105 0.46102 0.0224655 111.437 -0.026161 0.00162639 0.999656 -4.64575
0.46031 -0.88761 0.0162222 150.781 0.887331 0.460578 0.0226031 112.086 -0.0275343 0.00399003 0.999613 -4.69372
0.45913 -0.888179 0.018405 151.126 0.888055 0.45942 0.0170939 112.759 -0.0236381 0.00849636 0.999684 -4.66832
0.460063 -0.88778 0.0137589 151.438 0.8877 0.460228 0.0133533 113.368 -0.018187 0.0060704 0.999816 -4.70119
0.461299 -0.887228 0.00551689 151.786 0.887188 0.461331 0.00841038 114.061 -0.010007 0.00101483 0.999949 -4.71799
0.461758 -0.886945 0.0104023 152.092 0.886975 0.461808 0.0029087 114.669 -0.00738374 0.0078835 0.999942 -4.69558
0.464184 -0.885666 0.0113879 152.392 0.885729 0.464201 -0.00119501 115.289 -0.0042279 0.0106413 0.999934 -4.68437
0.468306 -0.883483 0.0121561 152.724 0.883558 0.468318 -0.00200651 115.886 -0.00392018 0.0116802 0.999924 -4.65723
0.473207 -0.880845 0.0136481 153.072 0.880921 0.473263 0.00099836 116.524 -0.00733856 0.0115505 0.999906 -4.63897
0.47764 -0.878546 0.00401869 153.345 0.878376 0.47763 0.0180225 117.046 -0.0177531 -0.00507836 0.99983 -4.69738
0.482627 -0.875802 0.00647716 153.651 0.875521 0.482641 0.0227965 117.678 -0.0230913 -0.00533131 0.999719 -4.72321
0.488679 -0.872458 0.00312844 153.963 0.872212 0.488621 0.0222536 118.217 -0.020944 -0.00814621 0.999747 -4.72086
0.494529 -0.869161 -3.92516e-05 154.278 0.869082 0.494483 0.0135531 118.814 -0.0117604 -0.00673652 0.999908 -4.7456
0.50172 -0.864999 -0.00733551 154.653 0.865025 0.501669 0.00775157 119.38 -0.0030251 -0.0102345 0.999943 -4.7275
0.50809 -0.861254 -0.00933696 154.93 0.861304 0.508064 0.00516167 119.965 0.000298268 -0.0106646 0.999943 -4.72372
0.514316 -0.857508 -0.0125723 155.259 0.8576 0.514248 0.00841961 120.524 -0.000754592 -0.0151124 0.999885 -4.71952
0.519091 -0.854662 -0.0098524 155.607 0.854704 0.518978 0.0119772 121.063 -0.00512327 -0.0146381 0.99988 -4.72457
0.524493 -0.851415 0.000318853 155.957 0.851352 0.524459 0.0119175 121.616 -0.0103139 -0.00597917 0.999929 -4.72086
0.529084 -0.848506 0.0103409 156.306 0.848458 0.529173 0.00972266 122.148 -0.0137219 0.00362971 0.999899 -4.71017
0.5321 -0.846601 0.0116595 156.664 0.846563 0.532206 0.00943073 122.703 -0.0141893 0.00485241 0.999888 -4.69664
0.532233 -0.84656 0.00801975 157.005 0.846448 0.532293 0.0137858 123.219 -0.0159394 -0.000548964 0.999873 -4.7009
0.531876 -0.846785 0.00799138 157.346 0.846634 0.531933 0.016087 123.812 -0.0178731 -0.00179049 0.999839 -4.73641
0.53127 -0.847129 0.0111684 157.7 0.846929 0.531387 0.0184284 124.328 -0.021546 -0.000331627 0.999768 -4.72576
0.53202 -0.846682 0.00923683 158.066 0.846455 0.532093 0.0197601 124.922 -0.0216453 -0.00269417 0.999762 -4.74126
0.531312 -0.847175 0.00146666 158.372 0.847015 0.531243 0.0186095 125.437 -0.0165447 -0.00864517 0.999826 -4.75189
0.531141 -0.847261 -0.00613772 158.696 0.84726 0.531058 0.0113062 126.014 -0.00631984 -0.0112054 0.999917 -4.77456
0.52891 -0.848646 -0.00735363 159.022 0.848677 0.528902 0.00315481 126.556 0.00121202 -0.00790947 0.999968 -4.75566
0.525389 -0.850862 -0.000681809 159.378 0.850855 0.525388 -0.00346397 127.131 0.00330558 0.00123981 0.999994 -4.71365
0.521442 -0.853279 -0.00378345 159.726 0.853279 0.521412 0.00672705 127.658 -0.00376731 -0.0067361 0.99997 -4.70506
0.5176 -0.855622 -0.00120965 160.07 0.855473 0.517482 0.0194787 128.25 -0.0160404 -0.011117 0.99981 -4.72267
0.514009 -0.85776 0.00650559 160.422 0.857277 0.513951 0.0305133 128.835 -0.0295166 -0.010107 0.999513 -4.75644
0.510153 -0.85993 0.016246 160.807 0.859273 0.510401 0.0337637 129.446 -0.0373264 -0.00326486 0.999298 -4.78495
0.507732 -0.861408 0.0135588 161.155 0.860854 0.507896 0.0311848 130.067 -0.0337493 -0.00416134 0.999422 -4.79507
0.505465 -0.862809 0.00807339 161.517 0.862401 0.505482 0.0274097 130.655 -0.0277303 -0.00689212 0.999592 -4.81882
