0.507214 -0.859773 0.059375 -0.722778 0.861582 0.50749 -0.0114543 -0.533328 -0.0202841 0.0569662 0.99817 -0.767322
0.505539 -0.860824 0.0584163 -0.336815 0.862593 0.505754 -0.0121335 0.200655 -0.0190995 0.0565233 0.998218 -0.768457
0.50386 -0.861872 0.0574604 0.04915 0.8636 0.504016 -0.0128165 0.934644 -0.0179148 0.0560804 0.998265 -0.769591
0.500495 -0.863955 0.0555571 0.821083 0.8656 0.500535 -0.014194 2.40264 -0.0155454 0.0551942 0.998355 -0.771856
0.498809 -0.86499 0.0546098 1.20705 0.866593 0.498793 -0.0148885 3.13665 -0.0143606 0.0547509 0.998397 -0.772987
0.49712 -0.866021 0.0536654 1.59302 0.867582 0.49705 -0.0155869 3.87066 -0.0131758 0.0543076 0.998437 -0.774117
0.495428 -0.867048 0.0527238 1.97899 0.868567 0.495305 -0.016289 4.60468 -0.011991 0.0538641 0.998476 -0.775245
0.493734 -0.86807 0.0517852 2.36496 0.869546 0.493559 -0.016995 5.33871 -0.0108062 0.0534205 0.998514 -0.776372
0.492037 -0.869088 0.0508495 2.75093 0.870522 0.491812 -0.0177047 6.07274 -0.0096214 0.0529769 0.998549 -0.777498
0.490337 -0.870103 0.0499167 3.1369 0.871492 0.490064 -0.0184183 6.80678 -0.00843657 0.0525331 0.998583 -0.778624
0.488635 -0.871112 0.0489868 3.52288 0.872459 0.488314 -0.0191356 7.54083 -0.00725172 0.0520892 0.998616 -0.779747
0.48693 -0.872118 0.04806 3.90885 0.87342 0.486563 -0.0198566 8.27488 -0.00606686 0.0516453 0.998647 -0.78087
0.485223 -0.87312 0.0471361 4.29483 0.874377 0.48481 -0.0205814 9.00894 -0.004882 0.0512012 0.998676 -0.781992
0.483513 -0.874117 0.0462152 4.68081 0.87533 0.483057 -0.02131 9.74301 -0.00369712 0.0507571 0.998704 -0.783112
0.481931 -0.874927 0.047394 5.06276 0.876202 0.481448 -0.0218801 10.4741 -0.00367426 0.0520714 0.998637 -0.782675
0.480085 -0.876099 0.0443823 5.45276 0.877221 0.479546 -0.0227783 11.2112 -0.00132737 0.0498686 0.998755 -0.78535
0.478751 -0.876923 0.0424748 5.84297 0.87795 0.47812 -0.0246058 11.9576 0.00126932 0.0490708 0.998794 -0.787733
0.476913 -0.878123 0.0381534 6.27625 0.878945 0.476295 -0.0244907 12.7876 0.00333359 0.0452146 0.998972 -0.790735
0.475749 -0.878789 0.0373338 6.67222 0.879576 0.475169 -0.0236672 13.5498 0.00305854 0.0440975 0.999022 -0.790898
0.474355 -0.879495 0.0384107 7.069 0.880333 0.47383 -0.0223565 14.3185 0.00146227 0.044419 0.999012 -0.789499
0.472907 -0.880248 0.0390197 7.51202 0.881113 0.472445 -0.0209032 15.168 -3.45989e-05 0.0442659 0.99902 -0.788342
0.471905 -0.880756 0.0396891 7.9138 0.881649 0.471452 -0.0206975 15.9496 -0.000482016 0.0447591 0.998998 -0.787812
0.4703 -0.881634 0.0392398 8.36227 0.882507 0.469821 -0.0212195 16.8116 0.000272111 0.0446089 0.999004 -0.788478
0.469442 -0.88205 0.0401425 8.76789 0.882962 0.468882 -0.0229781 17.6011 0.00144574 0.0462311 0.99893 -0.788874
0.468732 -0.882382 0.04115 9.17734 0.883341 0.468222 -0.0218486 18.3916 1.14299e-05 0.0465906 0.998914 -0.787591
0.468601 -0.882426 0.0416864 9.62801 0.8834 0.468295 -0.0174319 19.2667 -0.00413921 0.0449944 0.998979 -0.784773
0.469196 -0.882057 0.0427983 10.0397 0.883061 0.469051 -0.0139912 20.067 -0.00773361 0.044358 0.998986 -0.782063
0.470357 -0.881334 0.0448904 10.4541 0.882416 0.47031 -0.0122497 20.8737 -0.0103164 0.0453737 0.998917 -0.779606
0.471669 -0.880594 0.0456427 10.9141 0.8817 0.471674 -0.0113378 21.7659 -0.0115445 0.0455908 0.998893 -0.778529
0.472737 -0.880095 0.0441943 11.3367 0.881156 0.472638 -0.0133379 22.5818 -0.00914931 0.0452473 0.998934 -0.780612
0.473753 -0.879726 0.0404995 11.8077 0.88065 0.473439 -0.0176358 23.4876 -0.00365939 0.0440208 0.999024 -0.785515
0.474876 -0.879171 0.0393928 12.2375 0.880053 0.474418 -0.0208637 24.3148 -0.000345861 0.0445754 0.999006 -0.78802
0.475504 -0.878711 0.0419953 12.6685 0.879713 0.47504 -0.0210496 25.1438 -0.00145288 0.0469529 0.998896 -0.786309
0.475178 -0.878673 0.0462644 13.1455 0.879865 0.474903 -0.0174792 26.0559 -0.00661259 0.0490121 0.998776 -0.781403
0.474301 -0.878883 0.0510237 13.5798 0.880301 0.47416 -0.0155881 26.8884 -0.0104933 0.0523096 0.998576 -0.777089
0.473486 -0.878917 0.0575834 14.0179 0.880742 0.473201 -0.0193552 27.7257 -0.0102369 0.0598805 0.998153 -0.774637
0.472162 -0.879585 0.0582574 14.504 0.881492 0.471568 -0.0244134 28.6517 -0.00599866 0.0628805 0.998003 -0.777036
0.470991 -0.880395 0.0554324 14.947 0.882137 0.470179 -0.027689 29.4991 -0.00168586 0.0619402 0.998078 -0.780886
0.469382 -0.881327 0.0542616 15.3978 0.882995 0.468512 -0.0285738 30.3654 -0.00023932 0.0613247 0.998118 -0.782284
0.468309 -0.881824 0.0554509 15.9097 0.883562 0.46756 -0.0265894 31.3594 -0.00247943 0.0614463 0.998107 -0.780429
0.467305 -0.882437 0.0541377 16.3691 0.884079 0.466799 -0.0224149 32.2503 -0.00549167 0.0583366 0.998282 -0.779088
0.466064 -0.883073 0.0544758 16.8735 0.884727 0.465622 -0.0213115 33.2343 -0.00654548 0.0581287 0.998288 -0.778309
0.465135 -0.883537 0.0548848 17.3274 0.885197 0.46483 -0.0189843 34.1175 -0.00873879 0.057414 0.998312 -0.776776
0.464966 -0.883474 0.0572782 17.7787 0.885241 0.464859 -0.0160017 35.0056 -0.0124892 0.0581452 0.99823 -0.773452
0.464424 -0.884042 0.0527357 18.2703 0.885499 0.464497 -0.0116078 35.9714 -0.0142338 0.0520883 0.998541 -0.774155
0.464483 -0.884027 0.0524693 18.7139 0.885463 0.464577 -0.0111305 36.8544 -0.0145364 0.0516295 0.99856 -0.774072
0.464405 -0.884099 0.0519414 19.1559 0.88553 0.464408 -0.0127477 37.7282 -0.0128518 0.0519157 0.998569 -0.775363
0.464673 -0.884162 0.0483376 19.639 0.885427 0.464563 -0.0141649 38.6879 -0.0099318 0.0493814 0.998731 -0.778645
0.463851 -0.884589 0.0484193 20.0776 0.88586 0.463733 -0.0143317 39.5492 -0.00977594 0.0495404 0.998724 -0.778724
0.462681 -0.885059 0.0509702 20.5146 0.886454 0.462608 -0.0139229 40.4073 -0.0112567 0.0516245 0.998603 -0.776794
0.461832 -0.885484 0.0512906 20.9909 0.886883 0.461814 -0.0129085 41.3497 -0.0122564 0.0514503 0.9986 -0.776043
0.461648 -0.885772 0.0478518 21.42 0.887005 0.461567 -0.0134004 42.204 -0.0102171 0.048631 0.998764 -0.7787
0.461108 -0.88622 0.0446483 21.8896 0.887332 0.460779 -0.0180106 43.143 -0.00461169 0.0479226 0.99884 -0.78353
0.460726 -0.886455 0.0439232 22.3163 0.887534 0.460372 -0.0184766 43.9892 -0.00384233 0.0474959 0.998864 -0.784311
0.460387 -0.886537 0.0457877 22.7417 0.887691 0.460165 -0.0158879 44.8315 -0.00698468 0.0479599 0.998825 -0.781598
0.460027 -0.8865 0.0499372 23.2045 0.887847 0.459914 -0.0144001 45.7547 -0.0102011 0.0509609 0.998648 -0.777936
0.459766 -0.886551 0.0514018 23.6249 0.887972 0.45968 -0.0142025 46.5916 -0.0110371 0.052173 0.998577 -0.776836
0.459676 -0.886467 0.0536111 24.0435 0.888028 0.459502 -0.0162586 47.4263 -0.0102217 0.0550818 0.998429 -0.776494
0.459245 -0.88655 0.0558857 24.5072 0.88827 0.458908 -0.0194818 48.3405 -0.00837483 0.0585885 0.998247 -0.776776
0.458191 -0.886989 0.0575562 24.9253 0.888807 0.457873 -0.019375 49.1668 -0.00916807 0.0600337 0.998154 -0.775623
0.457032 -0.887252 0.0624999 25.3822 0.889345 0.456933 -0.0167063 50.072 -0.0137356 0.0632191 0.997905 -0.770752
0.45641 -0.887278 0.0665463 25.791 0.889566 0.456628 -0.0127879 50.8955 -0.0190405 0.0650338 0.997701 -0.76574
0.455862 -0.887581 0.0662661 26.1985 0.889801 0.456232 -0.0103099 51.7174 -0.0210818 0.0636635 0.997749 -0.764552
0.454529 -0.888461 0.0635737 26.6494 0.890542 0.454747 -0.0118363 52.6127 -0.0183939 0.0619949 0.997907 -0.767379
0.453529 -0.889323 0.0584575 27.0595 0.891184 0.453271 -0.0183698 53.4188 -0.0101604 0.0604275 0.998121 -0.774715
0.452774 -0.889926 0.0550307 27.4641 0.891615 0.45221 -0.0230219 54.2156 -0.0043977 0.0594898 0.998219 -0.779761
0.451497 -0.890835 0.0506385 27.8978 0.892258 0.451093 -0.0198057 55.0802 -0.00519902 0.0541247 0.998521 -0.78101
0.450657 -0.891338 0.0492447 28.2856 0.892662 0.450446 -0.0159364 55.8527 -0.00797738 0.0511406 0.99866 -0.779794
0.449403 -0.892056 0.0476912 28.6663 0.893277 0.449317 -0.0131006 56.6144 -0.00974204 0.0484888 0.998776 -0.779281
0.448253 -0.892663 0.0471473 29.0773 0.893864 0.448126 -0.0138249 57.4423 -0.00878696 0.0483402 0.998792 -0.780123
0.446803 -0.893433 0.0463163 29.4436 0.894581 0.446733 -0.0124243 58.1825 -0.00959077 0.0469848 0.99885 -0.779942
0.445353 -0.8942 0.0454728 29.8398 0.895297 0.44533 -0.011193 58.9847 -0.0102416 0.0456964 0.998903 -0.779862
0.443929 -0.894871 0.0461816 30.1933 0.895993 0.443947 -0.0104309 59.7027 -0.0111679 0.0460088 0.998879 -0.779004
0.442659 -0.89546 0.0469569 30.541 0.896613 0.442702 -0.0100648 60.4107 -0.0117753 0.0465574 0.998846 -0.778326
0.441254 -0.896203 0.0460034 30.9161 0.897271 0.441428 -0.00686009 61.1756 -0.0141592 0.0443045 0.998918 -0.777152
0.440125 -0.896722 0.046688 31.2488 0.897743 0.440514 -0.00215715 61.8601 -0.0186324 0.0428632 0.998907 -0.773969
0.438428 -0.897614 0.0455007 31.5816 0.898534 0.438904 0.000536626 62.5298 -0.0204521 0.0406486 0.998964 -0.773228
0.437005 -0.898529 0.0408846 31.9336 0.899301 0.43733 -0.00110529 63.2548 -0.0168869 0.0372505 0.999163 -0.77733
0.436077 -0.89916 0.0367194 32.2453 0.899859 0.436122 -0.00718391 63.9007 -0.00955469 0.036175 0.9993 -0.783721
0.434727 -0.89989 0.0347963 32.5759 0.900555 0.434553 -0.0128032 64.5927 -0.00359942 0.0369018 0.999312 -0.788343
0.434403 -0.900109 0.0331286 32.8656 0.900717 0.434172 -0.0142492 65.2034 -0.0015577 0.0360293 0.999349 -0.790304
0.433678 -0.900476 0.0326588 33.1448 0.901055 0.433581 -0.0103493 65.7916 -0.00484094 0.0339156 0.999413 -0.78835
0.432392 -0.901069 0.0333609 33.4435 0.901648 0.432416 -0.00686368 66.4161 -0.00824116 0.0330475 0.99942 -0.785874
0.431299 -0.901546 0.0345853 33.7077 0.902194 0.431195 -0.0108031 66.9705 -0.00517355 0.035862 0.999343 -0.787442
0.431359 -0.901329 0.0391834 33.9634 0.902181 0.430975 -0.0182079 67.5132 -0.000475703 0.0432046 0.999066 -0.78878
0.432329 -0.900811 0.0404001 34.2369 0.9017 0.431616 -0.0254016 68.095 0.00544471 0.0474106 0.998861 -0.79213
0.434892 -0.899653 0.0386513 34.4768 0.900464 0.4342 -0.0252169 68.6079 0.0059041 0.0457706 0.998935 -0.793072
0.438156 -0.898217 0.0350129 34.7113 0.898895 0.437703 -0.0201043 69.104 0.00273275 0.0402817 0.999185 -0.792395
0.442418 -0.896018 0.0376768 34.9628 0.896809 0.44206 -0.0178021 69.6364 -0.000704407 0.0416648 0.999131 -0.789149
0.446869 -0.893546 0.0434099 35.1918 0.894588 0.446589 -0.0164873 70.1052 -0.00465423 0.0462015 0.998921 -0.784392
0.45424 -0.889513 0.0493305 35.4357 0.89083 0.454101 -0.0146453 70.6111 -0.00937387 0.0505976 0.998675 -0.779026
0.463215 -0.885032 0.0463826 35.6563 0.886201 0.463087 -0.0141179 71.0618 -0.00898435 0.0476438 0.998824 -0.780374
0.475718 -0.878633 0.0411963 35.8666 0.879552 0.47565 -0.0120693 71.5072 -0.00899055 0.0419759 0.999078 -0.78232
0.492274 -0.869671 0.0366015 36.0988 0.870382 0.492293 -0.0091148 71.9831 -0.0100918 0.0363442 0.999288 -0.783332
0.510207 -0.859226 0.037678 36.3111 0.859981 0.510238 -0.00951001 72.4018 -0.0110535 0.0372544 0.999245 -0.782244
0.533256 -0.844957 0.0410604 36.546 0.845857 0.533302 -0.0107325 72.8489 -0.0128291 0.0404543 0.999099 -0.779712
0.556621 -0.829678 0.0425196 36.766 0.83063 0.55673 -0.010342 73.2445 -0.0150914 0.0410746 0.999042 -0.777647
0.582203 -0.811898 0.043141 36.9922 0.812857 0.582386 -0.00950376 73.6332 -0.0174087 0.0406005 0.999024 -0.775906
0.613251 -0.788712 0.0430991 37.2509 0.789655 0.613483 -0.0091567 74.0514 -0.0192186 0.0396487 0.999029 -0.774741
0.643997 -0.763858 0.042311 37.495 0.764764 0.644242 -0.0093659 74.4242 -0.0201043 0.0383895 0.999061 -0.774441
0.676373 -0.735365 0.0419271 37.7496 0.736255 0.676635 -0.00975159 74.784 -0.0211983 0.0374646 0.999073 -0.773854
0.713553 -0.699539 0.0385703 38.0439 0.700299 0.713782 -0.00990529 75.1638 -0.0206017 0.0340786 0.999207 -0.77549
0.748853 -0.661774 0.0357201 38.3222 0.662463 0.749005 -0.0116339 75.4947 -0.0190556 0.0323753 0.999294 -0.777342
0.787841 -0.614965 0.0335271 38.6409 0.61561 0.787938 -0.0133578 75.8411 -0.0182027 0.0311633 0.999349 -0.778454
0.822348 -0.56813 0.0311841 38.9443 0.568716 0.822409 -0.0143498 76.1346 -0.0174935 0.0295354 0.999411 -0.779584
0.855297 -0.517342 0.0287154 39.2598 0.517879 0.855308 -0.015815 76.4096 -0.0163787 0.0283975 0.999462 -0.780883
0.888641 -0.457794 0.0272583 39.6205 0.458349 0.88856 -0.0194425 76.6873 -0.01532 0.0297711 0.999439 -0.781306
0.915246 -0.402075 0.0257138 39.96 0.402608 0.915141 -0.0205988 76.9134 -0.0152495 0.0292055 0.999457 -0.781555
0.940296 -0.339362 0.0260474 40.3448 0.339915 0.940224 -0.0209001 77.1371 -0.0173977 0.0285061 0.999442 -0.780021
0.959146 -0.281662 0.0265705 40.7095 0.282189 0.959177 -0.0187108 77.3119 -0.0202157 0.0254442 0.999472 -0.778705
0.974328 -0.223584 0.0263989 41.0827 0.224107 0.974383 -0.0188438 77.4655 -0.0215095 0.0242762 0.999474 -0.77802
0.986737 -0.160455 0.0245817 41.5046 0.160998 0.98671 -0.0219956 77.6038 -0.0207258 0.0256614 0.999456 -0.778219
0.994208 -0.104922 0.023298 41.8908 0.105552 0.994027 -0.0277207 77.7049 -0.0202504 0.0300193 0.999344 -0.77718
0.998708 -0.0462959 0.0209693 42.3196 0.0468305 0.998571 -0.0257594 77.7854 -0.0197468 0.0267081 0.999448 -0.778692
0.999799 0.00584185 0.0191851 42.7157 -0.00544304 0.99977 -0.0207744 77.8371 -0.019302 0.0206658 0.9996 -0.781032
0.99837 0.0545343 0.0168466 43.1145 -0.0542134 0.99835 -0.0189488 77.8671 -0.0178522 0.0180045 0.999678 -0.78309
0.994538 0.103371 0.0144551 43.5468 -0.102989 0.994366 -0.0250841 77.8747 -0.0169666 0.0234583 0.999581 -0.782057
0.989504 0.143828 0.0140024 43.9403 -0.143182 0.988907 -0.0395355 77.86 -0.0195334 0.0371156 0.99912 -0.775415
0.983673 0.179395 0.0143413 44.3289 -0.178603 0.982905 -0.0447073 77.8224 -0.0221164 0.0414159 0.998897 -0.771824
0.976596 0.214795 0.0110993 44.7648 -0.21418 0.975926 -0.0411828 77.7674 -0.019678 0.0378417 0.99909 -0.775055
0.969609 0.244498 0.00889664 45.1624 -0.244159 0.969309 -0.0287406 77.7015 -0.0156506 0.0256949 0.999547 -0.782418
0.962368 0.27166 0.00708436 45.5575 -0.271454 0.962206 -0.0217254 77.622 -0.0127185 0.0189847 0.999739 -0.78701
0.954544 0.298041 0.00413172 45.9958 -0.297889 0.954356 -0.0216175 77.5156 -0.010386 0.019404 0.999758 -0.788788
0.947419 0.319997 3.25567e-05 46.3956 -0.319885 0.947092 -0.0262742 77.4037 -0.0084385 0.0248822 0.999655 -0.788603
0.940959 0.338374 -0.0100387 46.8061 -0.338521 0.940438 -0.0313259 77.2718 -0.0011591 0.0328746 0.999459 -0.791893
0.933617 0.357752 -0.019324 47.2647 -0.358197 0.933173 -0.0297337 77.1163 0.00739535 0.0346817 0.999371 -0.798203
0.927345 0.373704 -0.0194042 47.6853 -0.37412 0.927004 -0.0264381 76.9635 0.00810772 0.0317767 0.999462 -0.799747
0.921677 0.387722 -0.0135494 48.1076 -0.387949 0.921333 -0.0253149 76.7982 0.0026684 0.0285886 0.999588 -0.796419
0.915503 0.402185 -0.01013 48.5784 -0.40231 0.915121 -0.0264742 76.6016 -0.00137737 0.0283125 0.999598 -0.793234
0.910157 0.414159 -0.00933412 49.0138 -0.41425 0.909704 -0.0289217 76.41 -0.0034869 0.0301898 0.999538 -0.7909
0.904834 0.425635 -0.0105779 49.5011 -0.425744 0.904259 -0.0325305 76.185 -0.00428097 0.0339381 0.999415 -0.789007
0.900503 0.434661 -0.0128185 49.9561 -0.434835 0.89984 -0.0347351 75.9664 -0.00356338 0.0368529 0.999314 -0.788614
0.896876 0.442044 -0.0145222 50.4204 -0.442273 0.896156 -0.0360556 75.7361 -0.00292397 0.0387601 0.999244 -0.788492
0.89401 0.447771 -0.0157612 50.9415 -0.44804 0.893233 -0.0373513 75.469 -0.00264639 0.040454 0.999178 -0.788144
0.891462 0.452758 -0.0175209 51.431 -0.453094 0.890657 -0.0379068 75.2163 -0.00155746 0.041731 0.999128 -0.788595
0.88866 0.458191 -0.0185812 51.9344 -0.458568 0.887867 -0.0375284 74.9539 -0.00069758 0.0418706 0.999123 -0.789246
0.886359 0.462573 -0.0198776 52.5043 -0.463 0.885474 -0.0395845 74.6524 -0.000709619 0.0442893 0.999018 -0.788411
0.884788 0.46554 -0.0205678 53.0297 -0.465994 0.883839 -0.0409773 74.362 -0.000897933 0.0458406 0.998948 -0.787727
0.883205 0.468526 -0.0207917 53.5714 -0.468986 0.882211 -0.0419068 74.064 -0.00129172 0.0467632 0.998905 -0.787091
0.881607 0.471514 -0.0210863 54.1796 -0.471981 0.880534 -0.0435325 73.7217 -0.00195905 0.0483308 0.998829 -0.786009
0.880963 0.472622 -0.0230756 54.7457 -0.47318 0.879683 -0.0475287 73.4032 -0.00216388 0.0527899 0.998603 -0.784294
0.881036 0.472397 -0.0248482 55.3785 -0.473045 0.879545 -0.0512864 73.0383 -0.00237248 0.0569394 0.998375 -0.782668
0.881848 0.470839 -0.0256099 55.9702 -0.471529 0.880258 -0.0529701 72.6991 -0.00239709 0.0587872 0.998268 -0.781996
0.883264 0.468097 -0.0270175 56.576 -0.468872 0.88155 -0.0550283 72.3545 -0.00194127 0.0612722 0.998119 -0.781485
0.88511 0.464584 -0.0272416 57.2569 -0.465378 0.883338 -0.0560108 71.9658 -0.00195814 0.0622533 0.998058 -0.781123
0.886808 0.461388 -0.0263117 57.8937 -0.462124 0.884905 -0.058172 71.6138 -0.00355645 0.0637466 0.99796 -0.779292
0.888542 0.458113 -0.0250367 58.5433 -0.458771 0.886594 -0.0589919 71.257 -0.00482758 0.0639028 0.997944 -0.778203
0.890522 0.454432 -0.0215157 59.2741 -0.454886 0.88868 -0.0576823 70.8612 -0.00709212 0.0611545 0.998103 -0.777342
0.892278 0.451042 -0.0200245 59.9478 -0.451414 0.890463 -0.0574657 70.501 -0.00808835 0.0603147 0.998147 -0.776829
0.894184 0.447273 -0.0195464 60.701 -0.447644 0.892527 -0.0548766 70.1028 -0.00709919 0.0578195 0.998302 -0.778525
0.895604 0.444336 -0.0214403 61.3939 -0.444837 0.894114 -0.0517686 69.7423 -0.00383257 0.0559015 0.998429 -0.781866
0.896152 0.44309 -0.0241503 62.0964 -0.443744 0.895054 -0.0443832 69.3806 0.0019501 0.0504905 0.998723 -0.788454
0.895976 0.443366 -0.0255672 62.8716 -0.444076 0.895069 -0.0405917 68.984 0.00488745 0.0477229 0.998849 -0.791789
0.896026 0.443329 -0.0244502 63.5757 -0.443977 0.895209 -0.038537 68.6232 0.00480344 0.0453854 0.998958 -0.792529
0.896003 0.443569 -0.0206555 64.2781 -0.444045 0.895231 -0.037229 68.2637 0.00197787 0.0425292 0.999093 -0.791228
0.895929 0.443725 -0.0205006 65.0517 -0.444197 0.895112 -0.0382583 67.8684 0.00137415 0.0433829 0.999058 -0.790452
0.896023 0.443628 -0.0183976 65.7527 -0.444009 0.895265 -0.036832 67.5054 0.000131008 0.0411709 0.999152 -0.790203
0.89588 0.443949 -0.0175893 66.4533 -0.444298 0.895178 -0.0354415 67.1422 1.13521e-05 0.0395661 0.999217 -0.790654
0.895916 0.443897 -0.017037 67.2244 -0.444224 0.895319 -0.0327079 66.7451 0.000734597 0.0368717 0.99932 -0.792154
0.895372 0.445007 -0.0166883 67.9239 -0.445317 0.894884 -0.0296132 66.3856 0.00175602 0.0339463 0.999422 -0.793966
0.894065 0.44768 -0.0151919 68.6946 -0.447935 0.893663 -0.0268626 65.9926 0.00155058 0.0308218 0.999524 -0.794845
0.89237 0.451125 -0.0127817 69.3925 -0.451306 0.892017 -0.0250966 65.6343 7.97512e-05 0.0281638 0.999603 -0.794537
0.890228 0.455415 -0.00961458 70.0902 -0.455509 0.8899 -0.0242713 65.2757 -0.00249748 0.0259864 0.999659 -0.793165
0.887144 0.461449 -0.00636536 70.8561 -0.461465 0.886853 -0.0232629 64.8758 -0.00508952 0.0235749 0.999709 -0.791849
0.883776 0.467872 -0.00612294 71.5485 -0.467883 0.883502 -0.0225672 64.5091 -0.00514891 0.0228091 0.999726 -0.792054
0.879792 0.475311 -0.00676474 72.2372 -0.475341 0.879544 -0.0212979 64.1395 -0.00417323 0.0219532 0.99975 -0.793131
0.874649 0.484694 -0.00782039 72.9896 -0.484745 0.874402 -0.0210496 63.7259 -0.00336444 0.0222018 0.999748 -0.793712
0.869801 0.493342 -0.00769697 73.6659 -0.493385 0.869531 -0.0220756 63.3473 -0.00419807 0.0229989 0.999727 -0.792779
0.864064 0.503348 -0.00590798 74.4016 -0.50335 0.863813 -0.0215981 62.9254 -0.00576796 0.0216358 0.999749 -0.791947
0.858571 0.512659 -0.00606742 75.0654 -0.512655 0.858295 -0.0226883 62.5355 -0.00642371 0.0225899 0.999724 -0.791107
0.853007 0.521862 -0.00631221 75.7215 -0.52186 0.852731 -0.0226503 62.1389 -0.00643773 0.0226149 0.999723 -0.791091
0.846795 0.531873 -0.00704995 76.4343 -0.531889 0.846528 -0.0220383 61.6989 -0.00575358 0.0224116 0.999732 -0.791719
0.841229 0.540622 -0.00787418 77.0742 -0.540659 0.840983 -0.0208559 61.2929 -0.00465311 0.0218018 0.999751 -0.792818
0.835772 0.549002 -0.00915296 77.7044 -0.549066 0.835525 -0.0206229 60.8846 -0.00367448 0.0222615 0.999745 -0.793468
0.830117 0.557494 -0.0103255 78.3845 -0.557582 0.829866 -0.0206185 60.4324 -0.00292598 0.022873 0.999734 -0.793882
0.824874 0.56521 -0.011034 78.9912 -0.565312 0.82462 -0.0205979 60.0178 -0.00254326 0.0232283 0.999727 -0.794081
0.819104 0.573531 -0.0114854 79.6492 -0.573641 0.818844 -0.0207492 59.5624 -0.00249555 0.0235842 0.999719 -0.794008
0.814262 0.580373 -0.0120345 80.2347 -0.580491 0.813976 -0.0217813 59.1454 -0.00284546 0.0247216 0.99969 -0.793355
0.810019 0.586285 -0.0118183 80.8096 -0.586389 0.809687 -0.0235647 58.7278 -0.0042465 0.0260179 0.999652 -0.791795
0.80663 0.590932 -0.012123 81.4279 -0.591025 0.806205 -0.0268921 58.27 -0.00611778 0.0288569 0.999565 -0.78934
0.804316 0.594075 -0.0122761 81.9817 -0.594146 0.803785 -0.0303285 57.8543 -0.00815004 0.0316874 0.999465 -0.786746
0.80261 0.596379 -0.0122008 82.5252 -0.596427 0.802011 -0.0324517 57.4423 -0.00956833 0.0333229 0.999399 -0.785045
0.801445 0.597951 -0.0118763 83.1087 -0.597979 0.800821 -0.0332811 56.9957 -0.0103897 0.0337746 0.999375 -0.784225
0.800856 0.598734 -0.0121748 83.6275 -0.598768 0.80022 -0.0335399 56.5966 -0.010339 0.0341505 0.999363 -0.784144
0.801227 0.598206 -0.0136083 84.1319 -0.598289 0.80057 -0.0337313 56.205 -0.00928386 0.035168 0.999338 -0.78467
0.80296 0.595838 -0.0152752 84.6712 -0.59598 0.802277 -0.0340713 55.785 -0.00804598 0.0364615 0.999303 -0.785251
0.805775 0.592009 -0.0158916 85.1461 -0.592178 0.805097 -0.0338229 55.4164 -0.00722917 0.0366643 0.999301 -0.785854
0.810556 0.585446 -0.0158786 85.6524 -0.585625 0.809905 -0.0331285 55.0263 -0.00653476 0.0361514 0.999325 -0.786596
0.816716 0.576831 -0.0155027 86.0947 -0.577007 0.816092 -0.0325084 54.6862 -0.00610023 0.0354953 0.999351 -0.787174
0.824136 0.566187 -0.0152667 86.5229 -0.566362 0.823514 -0.0325361 54.3615 -0.0058492 0.0354606 0.999354 -0.787394
0.834048 0.551472 -0.0156225 86.9815 -0.551677 0.833471 -0.031279 54.0235 -0.0042286 0.0347067 0.999389 -0.78897
0.844925 0.534615 -0.0170001 87.3957 -0.534883 0.844413 -0.0294402 53.7289 -0.001384 0.0339677 0.999422 -0.791533
0.857082 0.514847 -0.0185145 87.8077 -0.515176 0.856655 -0.0271256 53.4434 0.00189497 0.0327871 0.999461 -0.794588
0.871906 0.489308 -0.0189211 88.257 -0.489657 0.871539 -0.0256087 53.1396 0.00395994 0.0315932 0.999493 -0.796659
0.886927 0.46157 -0.0177509 88.6651 -0.461894 0.886569 -0.0254887 52.8752 0.00397259 0.0308056 0.999517 -0.796934
0.903024 0.429327 -0.0150541 89.0715 -0.429586 0.902622 -0.0270017 52.6237 0.00199556 0.0308501 0.999522 -0.795326
0.921139 0.389097 -0.0103564 89.52 -0.389232 0.920703 -0.028358 52.3641 -0.00149887 0.0301526 0.999544 -0.792731
0.937177 0.348827 -0.00440619 89.9288 -0.348802 0.936743 -0.0291441 52.1471 -0.00603877 0.02885 0.999565 -0.789472
0.95241 0.304817 0.00127938 90.3424 -0.304664 0.952047 -0.0280416 51.9423 -0.0097656 0.0263173 0.999606 -0.787267
0.967787 0.25171 0.00559455 90.8005 -0.251483 0.967502 -0.0264073 51.7445 -0.0120597 0.0241497 0.999636 -0.786102
0.98003 0.198721 0.00726029 91.2162 -0.198467 0.979747 -0.0265942 51.5856 -0.0123981 0.0246221 0.99962 -0.785676
0.990013 0.140831 0.00646161 91.6328 -0.140577 0.989612 -0.0301153 51.4469 -0.0106357 0.0289061 0.999525 -0.785719
0.99737 0.0723992 0.00343526 92.0909 -0.0722514 0.996865 -0.0322629 51.3187 -0.0057603 0.0319298 0.999473 -0.788707
0.999969 0.00795079 -0.000416805 92.5089 -0.00796057 0.99934 -0.035436 51.2315 0.000134786 0.0354381 0.999372 -0.792332
0.997933 -0.0642055 -0.00273201 92.9673 0.0640762 0.997368 -0.033944 51.1644 0.0049042 0.0336987 0.99942 -0.796778
0.991528 -0.129837 -0.00387511 93.383 0.129642 0.991019 -0.0327737 51.1352 0.00809554 0.0319936 0.999455 -0.799923
0.980768 -0.195135 -0.00402278 93.7975 0.19489 0.980236 -0.0340056 51.1338 0.010579 0.0325676 0.999413 -0.801733
0.964223 -0.26509 -0.0011645 94.2487 0.264877 0.96361 -0.0360041 51.1625 0.0106664 0.0344075 0.999351 -0.801196
0.945056 -0.32687 0.00510054 94.65 0.326842 0.944425 -0.0351494 51.217 0.0066722 0.0348851 0.999369 -0.797833
0.921928 -0.387139 0.0131256 95.0435 0.38736 0.921326 -0.0333303 51.299 0.000810476 0.0358125 0.999358 -0.792796
0.892994 -0.449619 0.0201109 95.4716 0.450047 0.892499 -0.030064 51.4241 -0.00443158 0.0358977 0.999346 -0.788519
0.864604 -0.501725 0.027067 95.8555 0.502354 0.864254 -0.0265659 51.5678 -0.010064 0.0365661 0.999281 -0.783703
0.835822 -0.548109 0.0312871 96.2344 0.548808 0.835681 -0.0211578 51.741 -0.0145492 0.0348547 0.999286 -0.780605
0.805227 -0.592038 0.0331844 96.6424 0.592727 0.805232 -0.0166234 51.9652 -0.0168795 0.0330548 0.999311 -0.779297
0.780006 -0.624969 0.0316999 97.0085 0.625483 0.780186 -0.00907841 52.2042 -0.0190581 0.0269089 0.999456 -0.779543
0.754863 -0.655274 0.0282657 97.4018 0.655667 0.755019 -0.00689067 52.4922 -0.0168259 0.0237344 0.999577 -0.782432
0.734053 -0.678563 0.0268042 97.7569 0.678911 0.734197 -0.00589553 52.7731 -0.0156791 0.0225252 0.999623 -0.783778
0.718439 -0.694895 0.0310933 98.102 0.695427 0.718521 -0.0104458 53.0741 -0.0150825 0.0291277 0.999462 -0.782113
0.706269 -0.707122 0.0341004 98.4775 0.707774 0.706335 -0.0121124 53.423 -0.0155213 0.0326899 0.999345 -0.780578
0.697371 -0.716027 0.0312966 98.8228 0.716557 0.697461 -0.00972256 53.7553 -0.0148666 0.029206 0.999463 -0.782281
0.689836 -0.723451 0.0272933 99.2061 0.723812 0.689977 -0.00536438 54.1369 -0.0149509 0.0234557 0.999613 -0.784109
0.685581 -0.727677 0.0215979 99.5579 0.72787 0.685713 -0.00166719 54.4985 -0.0135968 0.0168634 0.999765 -0.787361
0.683398 -0.729899 0.0146441 99.9517 0.729984 0.683465 -0.000640069 54.9114 -0.00954156 0.0111273 0.999892 -0.792521
0.682884 -0.73042 0.0125212 100.314 0.730488 0.682925 -0.00125584 55.2951 -0.00763376 0.0100041 0.999921 -0.794444
0.684531 -0.728891 0.0116718 100.682 0.728967 0.684536 -0.00416922 55.6903 -0.00495087 0.0113623 0.999923 -0.796213
0.687817 -0.725826 0.00918734 101.1 0.725881 0.687717 -0.0119638 56.1387 0.00236535 0.0148977 0.999886 -0.801038
0.690768 -0.723047 0.00663809 101.486 0.72304 0.69061 -0.0164521 56.5516 0.0073113 0.0161641 0.999843 -0.804633
0.693809 -0.720151 0.00348017 101.882 0.72013 0.693728 -0.0124703 56.9693 0.00656623 0.0111581 0.999916 -0.805635
0.698135 -0.715961 0.00283419 102.323 0.715962 0.698112 -0.00619109 57.4381 0.00245399 0.00635132 0.999977 -0.803838
0.701552 -0.712582 0.00719171 102.736 0.712616 0.701541 -0.00433898 57.8682 -0.00195341 0.00816888 0.999965 -0.799709
0.704412 -0.709656 0.013887 103.202 0.709744 0.704456 -0.00222073 58.3437 -0.00820684 0.0114205 0.999901 -0.793603
0.706804 -0.707178 0.0181435 103.637 0.707294 0.70692 1.79205e-05 58.7842 -0.0128387 0.01282 0.999835 -0.789377
0.709025 -0.704846 0.0218186 104.078 0.705045 0.70916 -0.00212117 59.2339 -0.0139778 0.016887 0.99976 -0.787156
0.709486 -0.704343 0.0230561 104.579 0.704633 0.709534 -0.00743442 59.7312 -0.0111227 0.0215206 0.999707 -0.788017
0.709305 -0.704604 0.020506 105.043 0.704883 0.709199 -0.0132813 60.1915 -0.00518476 0.0238747 0.999701 -0.792115
0.70889 -0.705153 0.0153139 105.514 0.705315 0.70864 -0.0190128 60.6614 0.00255489 0.0242791 0.999702 -0.798277
0.707113 -0.70703 0.0100122 106.043 0.707063 0.706857 -0.0203913 61.1829 0.00734006 0.0214981 0.999742 -0.803055
0.705373 -0.708713 0.0132036 106.526 0.708829 0.705158 -0.0177384 61.6628 0.00326082 0.0218712 0.999755 -0.799658
0.704072 -0.709826 0.0207412 107.064 0.710115 0.703943 -0.0142038 62.2018 -0.00451846 0.0247291 0.999684 -0.792432
0.702227 -0.71155 0.0239852 107.562 0.711868 0.702268 -0.00808711 62.6971 -0.0110897 0.0227532 0.99968 -0.787722
0.700918 -0.71292 0.0214469 108.066 0.713165 0.700967 -0.00637974 63.2075 -0.0104853 0.0197668 0.99975 -0.789199
0.699449 -0.71454 0.0142661 108.628 0.714662 0.699442 -0.00628364 63.7803 -0.00548838 0.0145904 0.999878 -0.794957
0.696831 -0.717153 0.0108701 109.147 0.717236 0.696755 -0.0102728 64.3073 -0.000206692 0.0149548 0.999888 -0.799149
0.693947 -0.71996 0.00981496 109.671 0.720021 0.69382 -0.0136006 64.8428 0.00298208 0.016505 0.999859 -0.801248
0.691028 -0.722724 0.0123009 110.251 0.722827 0.690893 -0.0136944 65.4402 0.00139863 0.0183545 0.99983 -0.79939
0.688513 -0.725042 0.0162522 110.783 0.725224 0.688339 -0.0154742 65.993 3.23688e-05 0.0224406 0.999748 -0.796977
0.6872 -0.726225 0.0188176 111.319 0.726464 0.687064 -0.0139345 66.5531 -0.00280928 0.023246 0.999726 -0.794424
0.685985 -0.72726 0.0227547 111.92 0.727595 0.68587 -0.0137561 67.1899 -0.00560246 0.0259926 0.999646 -0.79127
0.685553 -0.727511 0.0273051 112.469 0.727991 0.685392 -0.0163435 67.773 -0.00682458 0.0310821 0.999493 -0.78861
0.68505 -0.727979 0.027461 113.079 0.72845 0.684945 -0.0145411 68.4187 -0.00822363 0.0299653 0.999517 -0.787856
0.685444 -0.727765 0.0229209 113.635 0.728099 0.68535 -0.012931 69.0117 -0.0062981 0.0255521 0.999654 -0.790897
0.685857 -0.72754 0.0168943 114.197 0.72773 0.685767 -0.0115783 69.6091 -0.00316187 0.0202355 0.99979 -0.795198
0.68641 -0.727147 0.00997027 114.818 0.727214 0.686374 -0.00720046 70.2652 -0.00160753 0.0121929 0.999924 -0.799054
0.688281 -0.725426 0.00522504 115.383 0.725441 0.688283 -0.00172499 70.8696 -0.00234495 0.00497767 0.999985 -0.800737
0.690585 -0.723238 0.00445934 115.948 0.723234 0.690598 0.00275917 71.4748 -0.00507515 0.00131964 0.999986 -0.799665
0.692498 -0.72141 0.00375709 116.579 0.721406 0.692508 0.00258804 72.1406 -0.00446885 0.000918112 0.99999 -0.800302
0.693923 -0.720046 0.00207831 117.155 0.720048 0.693924 -0.000327365 72.751 -0.00120647 0.00172359 0.999998 -0.802723
0.694697 -0.719253 0.00839897 117.795 0.719299 0.694684 -0.00488735 73.4308 -0.00231939 0.00943653 0.999953 -0.799436
0.694979 -0.718914 0.0129463 118.377 0.719028 0.694914 -0.00967435 74.0415 -0.00204154 0.0160322 0.999869 -0.797587
0.696053 -0.717856 0.0139319 118.958 0.717988 0.695975 -0.0106242 74.6509 -0.00206962 0.0173979 0.999846 -0.797145
0.69683 -0.71713 0.0123818 119.598 0.717226 0.696811 -0.00645401 75.3195 -0.00399945 0.0133778 0.999902 -0.79688
0.697463 -0.71648 0.0142047 120.176 0.716562 0.697524 -0.000929266 75.924 -0.00924234 0.0108266 0.999899 -0.793429
0.698132 -0.715818 0.0147406 120.756 0.71581 0.698263 0.00673252 76.5208 -0.0151121 0.0058512 0.999869 -0.790193
0.699097 -0.71493 0.0117893 121.392 0.714973 0.699152 0.000810599 77.1714 -0.00882206 0.0078623 0.99993 -0.794743
0.699376 -0.714719 0.00706019 121.976 0.714739 0.699263 -0.0133824 77.7592 0.00462773 0.0144055 0.999885 -0.803618
0.699073 -0.715038 0.00425185 122.559 0.714889 0.698776 -0.0254325 78.3424 0.0152141 0.0208187 0.999667 -0.810073
0.69844 -0.715614 0.00884306 123.194 0.71561 0.698172 -0.0214266 78.9761 0.00915916 0.0212933 0.999731 -0.805091
0.697554 -0.716106 0.02472 123.761 0.71642 0.69764 -0.00639791 79.5469 -0.0126641 0.0221727 0.999674 -0.787104
0.696299 -0.716795 0.0370507 124.386 0.717064 0.696964 0.00781597 80.1739 -0.0314254 0.0211254 0.999283 -0.771926
0.696005 -0.717345 0.0315208 124.96 0.717608 0.696437 0.00401172 80.7492 -0.02483 0.0198273 0.999495 -0.777859
0.695331 -0.718475 0.0176082 125.537 0.718631 0.69538 -0.00415795 81.3231 -0.00925703 0.0155449 0.999836 -0.792089
0.694501 -0.719394 0.0118395 126.165 0.719492 0.694399 -0.0119145 81.9514 0.00034986 0.016793 0.999859 -0.799531
0.693173 -0.720631 0.0142725 126.731 0.720771 0.692999 -0.0155701 82.5191 0.00132946 0.02108 0.999777 -0.798961
0.691264 -0.722417 0.0163821 127.288 0.722599 0.691151 -0.0126704 83.0892 -0.00216916 0.0205962 0.999785 -0.7963
0.688549 -0.725017 0.0158652 127.896 0.72519 0.688396 -0.0145179 83.7178 -0.00039588 0.0215015 0.999769 -0.797466
0.685087 -0.728319 0.0143976 128.446 0.728459 0.684899 -0.0161604 84.282 0.00190907 0.0215593 0.999766 -0.799332
0.682622 -0.730683 0.0113877 129.043 0.730772 0.682523 -0.011653 84.9067 0.000742268 0.0162763 0.999867 -0.800111
0.681071 -0.732196 0.00563304 129.588 0.732212 0.681017 -0.00907972 85.4785 0.00281193 0.0103085 0.999943 -0.8037
0.679755 -0.733418 0.00566294 130.128 0.73344 0.679732 -0.00556853 86.0493 0.000234771 0.00793859 0.999968 -0.802378
0.678658 -0.734388 0.00988721 130.719 0.734439 0.67867 -0.00263768 86.6763 -0.00477307 0.00905157 0.999948 -0.797982
0.677742 -0.735219 0.0108798 131.255 0.735283 0.677753 -0.00322338 87.2472 -0.00500395 0.0101843 0.999936 -0.797456
0.675897 -0.736924 0.0103511 131.79 0.736996 0.675855 -0.00762748 87.8235 -0.00137499 0.0127841 0.999917 -0.799603
0.672386 -0.740098 0.0123812 132.373 0.740199 0.672253 -0.0134793 88.4487 0.00165273 0.0182278 0.999832 -0.800339
0.667608 -0.744384 0.0138744 132.902 0.744505 0.667395 -0.0172136 89.0244 0.00355386 0.0218214 0.999756 -0.800734
0.66274 -0.748656 0.0170418 133.423 0.74885 0.662593 -0.013991 89.6012 -0.000817306 0.022034 0.999757 -0.797145
0.657767 -0.752848 0.0237277 133.989 0.753153 0.657807 -0.00717229 90.2346 -0.0102086 0.0225882 0.999693 -0.789333
0.654664 -0.755261 0.0315695 134.491 0.755689 0.654925 -0.00263564 90.8215 -0.0186851 0.0255821 0.999498 -0.781406
0.6513 -0.758302 0.0280538 135.047 0.758479 0.651671 0.00590374 91.4649 -0.0227587 0.0174331 0.999589 -0.7807
0.648078 -0.761227 0.0229931 135.55 0.761376 0.648303 0.00327191 92.0594 -0.0173972 0.0153859 0.99973 -0.785807
0.642916 -0.765733 0.0176863 136.058 0.765902 0.642936 -0.00527207 92.6522 -0.00733419 0.0169354 0.99983 -0.793587
0.637608 -0.770184 0.0165155 136.611 0.770361 0.637471 -0.0132131 93.3113 -0.000351597 0.0211476 0.999776 -0.797932
0.632635 -0.774239 0.0180902 137.11 0.77445 0.632495 -0.0133581 93.9129 -0.00109965 0.0224607 0.999747 -0.796919
0.626757 -0.779072 0.0149065 137.61 0.779199 0.626751 -0.00568603 94.5155 -0.00491285 0.0151789 0.999873 -0.796184
0.620207 -0.784379 0.00963319 138.153 0.784428 0.620214 -0.00260521 95.1868 -0.00393117 0.00917225 0.99995 -0.798908
0.612582 -0.790392 0.00481557 138.65 0.790405 0.612556 -0.00599693 95.7968 0.00179012 0.00747979 0.99997 -0.804102
0.605989 -0.795459 0.00470198 139.136 0.795461 0.605936 -0.00923212 96.4131 0.00449468 0.00933474 0.999946 -0.805725
0.599143 -0.800623 0.00554688 139.667 0.800636 0.599099 -0.00793248 97.0968 0.0030278 0.00919366 0.999953 -0.804607
0.593061 -0.80513 0.00668865 140.136 0.805149 0.593074 -7.27493e-05 97.724 -0.00390829 0.00542844 0.999978 -0.800181
0.586142 -0.810176 0.0073052 140.65 0.810147 0.586185 0.0071048 98.4233 -0.0100383 0.0017538 0.999948 -0.796339
0.580231 -0.814391 0.00996649 141.109 0.814338 0.580311 0.00966364 99.0599 -0.0136537 0.00250888 0.999904 -0.793161
0.575237 -0.817916 0.0107856 141.568 0.817848 0.575332 0.0108462 99.7016 -0.0150766 0.00258174 0.999883 -0.791989
0.571412 -0.820594 0.0106633 142.067 0.820547 0.571502 0.00947138 100.417 -0.0138663 0.00333761 0.999898 -0.792773
0.567847 -0.823125 0.00387132 142.522 0.8231 0.56786 0.00654862 101.071 -0.0075887 -0.000532201 0.999971 -0.799128
0.564995 -0.825082 -0.00456217 142.97 0.825092 0.56497 0.005789 101.729 -0.00219891 -0.00703504 0.999973 -0.805515
0.562576 -0.826713 -0.00737035 143.453 0.826745 0.562569 0.00308891 102.456 0.00159268 -0.00783121 0.999968 -0.808852
0.560074 -0.828424 -0.00559762 143.897 0.82843 0.560015 0.0093618 103.115 -0.00462079 -0.00988061 0.999941 -0.804443
0.558183 -0.829715 -0.00232914 144.378 0.829589 0.558045 0.019209 103.845 -0.0146383 -0.0126545 0.999813 -0.797096
0.555467 -0.831538 0.00105549 144.816 0.831234 0.555298 0.0263836 104.505 -0.0225251 -0.0137779 0.999651 -0.79094
0.551611 -0.834101 0.00151609 145.254 0.833861 0.551494 0.0230502 105.169 -0.0200623 -0.0114506 0.999733 -0.792308
0.547044 -0.837081 0.0062246 145.732 0.837031 0.547079 0.00921502 105.903 -0.0111191 0.000169094 0.999938 -0.796176
0.541373 -0.840754 0.0069036 146.168 0.840773 0.541389 0.000463696 106.569 -0.00412739 0.00555326 0.999976 -0.800242
0.535742 -0.84437 0.00442722 146.596 0.844361 0.535758 0.0042355 107.234 -0.00594825 0.00146897 0.999981 -0.800045
0.529115 -0.848504 0.00883752 147.061 0.848476 0.529178 0.00774056 107.972 -0.0112445 0.00340271 0.999931 -0.795142
0.523033 -0.852185 0.0147772 147.485 0.852165 0.523187 0.00953913 108.646 -0.0158603 0.00760324 0.999845 -0.790063
0.518338 -0.854868 0.0229546 147.902 0.854986 0.518602 0.00713583 109.332 -0.0180045 0.015927 0.999711 -0.785683
0.512825 -0.858048 0.0276632 148.362 0.858285 0.513145 0.00553939 110.091 -0.0189483 0.0209021 0.999602 -0.783327
0.507813 -0.861021 0.0277302 148.777 0.861364 0.507989 -0.000814042 110.788 -0.0133857 0.0242991 0.999615 -0.786825
0.501426 -0.864698 0.0294967 149.229 0.865197 0.501233 -0.0141678 111.557 -0.00253389 0.0326245 0.999464 -0.792967
0.495694 -0.867741 0.036234 149.637 0.868485 0.495027 -0.0261426 112.257 0.00474825 0.0444273 0.999001 -0.794896
0.490327 -0.870701 0.0381989 150.04 0.871532 0.490029 -0.0174526 112.953 -0.00352256 0.041849 0.999118 -0.789099
0.485305 -0.873608 0.0358896 150.476 0.874175 0.485611 -0.000197222 113.725 -0.0172561 0.0314694 0.999356 -0.78137
0.481067 -0.875988 0.0349396 150.867 0.876314 0.48164 0.00988297 114.433 -0.0254856 0.0258636 0.999341 -0.776431
0.477761 -0.877814 0.0344634 151.255 0.878174 0.478274 0.00809362 115.15 -0.0235877 0.026398 0.999373 -0.777853
0.476165 -0.878912 0.0279273 151.68 0.879267 0.476329 -0.0009059 115.947 -0.0125064 0.0249868 0.999609 -0.787483
0.473821 -0.880512 0.0138799 152.07 0.880617 0.47381 -0.00425243 116.671 -0.00283213 0.0142377 0.999895 -0.798876
0.471993 -0.881519 0.0121393 152.492 0.881602 0.471936 -0.00737011 117.47 0.000767916 0.0141806 0.999899 -0.80184
0.46963 -0.882641 0.0198529 152.878 0.882858 0.469587 -0.00702928 118.192 -0.00311834 0.0208284 0.999778 -0.796574
0.469334 -0.882697 0.0239148 153.259 0.882938 0.469489 0.000957503 118.917 -0.0120729 0.0206659 0.999713 -0.789337
0.469576 -0.882527 0.0254131 153.677 0.882694 0.469887 0.00770217 119.72 -0.0187387 0.0188152 0.999647 -0.784475
0.468069 -0.883317 0.0257536 154.062 0.88353 0.468343 0.00549125 120.451 -0.016912 0.0201837 0.999653 -0.785563
0.466389 -0.884287 0.0227568 154.448 0.884529 0.466484 -0.00124683 121.185 -0.00951311 0.0207105 0.99974 -0.791491
0.464504 -0.885182 0.0262396 154.872 0.885567 0.464207 -0.0168259 121.995 0.00271339 0.0310526 0.999514 -0.79807
0.462651 -0.885895 0.0338225 155.256 0.886509 0.461974 -0.0261434 122.728 0.00753518 0.0420792 0.999086 -0.798272
0.461512 -0.88646 0.0345766 155.675 0.88713 0.461045 -0.0209305 123.529 0.00261271 0.0403336 0.999183 -0.794922
0.460316 -0.887083 0.0345536 156.052 0.887729 0.460255 -0.0101742 124.254 -0.0068781 0.0353576 0.999351 -0.788916
0.458772 -0.887858 0.0351678 156.424 0.88847 0.458913 -0.00440369 124.975 -0.0122291 0.0332658 0.999372 -0.785261
0.457922 -0.888295 0.0352062 156.835 0.888956 0.457902 -0.00911616 125.772 -0.00802316 0.0354712 0.999338 -0.787992
0.45798 -0.888398 0.0316935 157.212 0.888961 0.457754 -0.0144588 126.497 -0.00166268 0.034796 0.999393 -0.793422
0.457758 -0.888725 0.0250119 157.583 0.889077 0.457581 -0.0127169 127.221 -0.000143163 0.0280587 0.999606 -0.796917
0.457301 -0.888982 0.0242212 157.987 0.8893 0.457268 -0.00722514 128.011 -0.00465255 0.0248439 0.99968 -0.794335
0.456525 -0.889425 0.0225418 158.355 0.889679 0.456576 -0.00315061 128.726 -0.00748981 0.0214932 0.999741 -0.793136
0.456221 -0.889612 0.0213072 158.721 0.889807 0.456338 0.000697094 129.441 -0.0103434 0.0186412 0.999773 -0.791748
0.45571 -0.889956 0.0175363 159.12 0.89007 0.455817 0.00250438 130.229 -0.0102221 0.0144672 0.999843 -0.793211
0.455223 -0.890192 0.0181562 159.477 0.890342 0.455294 -0.000287282 130.945 -0.00801067 0.0162959 0.999835 -0.794459
0.454299 -0.890752 0.0132008 159.87 0.890848 0.454277 -0.00480707 131.725 -0.0017149 0.0139437 0.999901 -0.800363
0.453213 -0.891322 0.0119861 160.221 0.891402 0.453188 -0.0049049 132.428 -0.00106009 0.0129073 0.999916 -0.801247
0.455918 -0.889946 0.0116352 160.542 0.890022 0.455885 -0.00549843 133.067 -0.00041099 0.0128623 0.999917 -0.801809
0.458619 -0.888561 0.0112808 160.863 0.888633 0.458579 -0.00608987 133.706 0.000238108 0.0128173 0.999918 -0.802371
0.461316 -0.887169 0.0109229 161.184 0.887236 0.461268 -0.00667921 134.345 0.000887206 0.0127723 0.999918 -0.802933
0.464008 -0.885768 0.0105615 161.505 0.88583 0.463954 -0.00726642 134.983 0.0015363 0.0127273 0.999918 -0.803495
