0.507214 -0.859773 0.059375 -0.722778 0.861582 0.50749 -0.0114543 -0.533328 -0.0202841 0.0569662 0.99817 -0.767322
0.503776 -0.861974 0.0566633 -0.362323 0.863644 0.503956 -0.0121011 0.0843805 -0.018125 0.0550332 0.99832 -0.774067
0.500515 -0.863912 0.0560522 -0.0203517 0.86556 0.500643 -0.0127466 0.712383 -0.0170501 0.0548964 0.998347 -0.789422
0.496655 -0.866254 0.0541976 0.337673 0.867806 0.496735 -0.0129499 1.35327 -0.0157039 0.0534646 0.998446 -0.79864
0.492266 -0.868734 0.0545467 0.697415 0.870305 0.492343 -0.0129521 1.98113 -0.0156037 0.0538482 0.998427 -0.805041
0.488823 -0.870763 0.0531367 1.07641 0.872268 0.488842 -0.0135231 2.67809 -0.0142 0.0529598 0.998496 -0.809676
0.484413 -0.873401 0.0501405 1.45023 0.874732 0.484455 -0.0121274 3.36695 -0.0136988 0.0497342 0.998669 -0.816536
0.480868 -0.875388 0.0496216 1.82321 0.87667 0.480979 -0.0104544 4.05875 -0.0147153 0.048529 0.998713 -0.831107
0.476612 -0.877663 0.0504862 2.20841 0.878954 0.476833 -0.0083548 4.7737 -0.0167408 0.0483571 0.99869 -0.839278
0.473661 -0.879118 0.0528793 2.60062 0.880509 0.473975 -0.00723311 5.50208 -0.0187047 0.0499867 0.998575 -0.844568
0.471164 -0.880483 0.0524826 2.96863 0.881846 0.471487 -0.00682392 6.20421 -0.0187366 0.0494968 0.998599 -0.851066
0.469424 -0.881414 0.052447 3.36107 0.88279 0.469707 -0.00755742 6.95536 -0.0179735 0.0498474 0.998595 -0.865861
0.467748 -0.882191 0.0543166 3.75171 0.883684 0.468004 -0.00868925 7.68914 -0.0177548 0.0520631 0.998486 -0.872468
0.465919 -0.883114 0.0550403 4.14577 0.884634 0.466214 -0.00813521 8.44168 -0.0184763 0.0524809 0.998451 -0.884391
0.464828 -0.88353 0.0575235 4.54301 0.885212 0.465088 -0.00960063 9.21113 -0.018271 0.0553832 0.998298 -0.893783
0.463345 -0.884397 0.0561515 4.93205 0.886028 0.463503 -0.010974 9.97355 -0.016321 0.0548366 0.998362 -0.90036
0.462345 -0.885105 0.0531681 5.33083 0.886595 0.462382 -0.0123451 10.7424 -0.0136573 0.0528463 0.998509 -0.906701
0.460673 -0.886214 0.0490384 5.73529 0.887483 0.460699 -0.0114405 11.5405 -0.0124532 0.0487911 0.998731 -0.917461
0.459748 -0.886819 0.0467333 6.12938 0.887962 0.459803 -0.0101938 12.3265 -0.0124481 0.046184 0.998855 -0.92608
0.458481 -0.887466 0.0468868 6.54171 0.888597 0.458606 -0.00869431 13.1254 -0.0137866 0.0456496 0.998862 -0.928392
0.457828 -0.887767 0.0475662 6.92358 0.888935 0.457943 -0.00908438 13.9486 -0.0137178 0.0464424 0.998827 -0.941255
0.456248 -0.888619 0.046834 7.32793 0.889743 0.456387 -0.00832153 14.7175 -0.0139798 0.0454669 0.998868 -0.922178
0.454532 -0.889549 0.0458637 7.71577 0.890636 0.454632 -0.00882705 15.4938 -0.012999 0.04486 0.998909 -0.915539
0.454157 -0.889669 0.0472299 8.1287 0.890837 0.454206 -0.0103007 16.3253 -0.0122879 0.0467523 0.998831 -0.929225
0.454255 -0.889565 0.0482418 8.5602 0.890763 0.454378 -0.00901653 17.1703 -0.0138992 0.0470678 0.998795 -0.94351
0.45433 -0.889624 0.0464121 8.97159 0.890698 0.454552 -0.00626902 17.994 -0.0155196 0.0441873 0.998903 -0.928957
0.454602 -0.889363 0.0486778 9.39792 0.890491 0.454986 -0.00352043 18.82 -0.0190168 0.0449475 0.998808 -0.913524
0.455227 -0.888869 0.0517733 9.81475 0.890079 0.455805 -0.000713767 19.677 -0.0229641 0.0464073 0.998659 -0.940044
0.457109 -0.887841 0.0528163 10.2512 0.889099 0.457715 -0.000698869 20.5085 -0.0235543 0.0472783 0.998604 -0.968594
0.45857 -0.887012 0.0540626 10.6744 0.888414 0.459022 -0.00448658 21.3485 -0.0208363 0.0500874 0.998527 -0.952655
0.459509 -0.886613 0.0526126 11.1 0.888005 0.459766 -0.00782121 22.194 -0.0172551 0.0503142 0.998584 -0.968607
0.460567 -0.886289 0.0486817 11.5365 0.887516 0.460676 -0.00962135 23.0528 -0.0138992 0.0476371 0.998768 -0.970753
0.460993 -0.886187 0.0464575 11.9957 0.887287 0.461149 -0.00793327 23.9476 -0.0143935 0.0448783 0.998889 -0.983002
0.461079 -0.886108 0.0471161 12.4244 0.887178 0.461407 -0.00431211 24.7407 -0.0179187 0.0437886 0.99888 -0.985603
0.460314 -0.886144 0.0534681 12.8879 0.887483 0.46083 -0.00298542 25.6403 -0.0219942 0.0488263 0.998565 -0.995615
0.45873 -0.886258 0.0641409 13.3496 0.888284 0.459234 -0.00753503 26.5241 -0.0227777 0.0604318 0.997912 -1.0289
0.45829 -0.886344 0.0660688 13.7928 0.888616 0.458449 -0.0136282 27.3942 -0.0182099 0.0649555 0.997722 -1.02809
0.45739 -0.887102 0.0620083 14.231 0.889132 0.457421 -0.0145281 28.2831 -0.015476 0.0617786 0.99797 -1.02054
0.455529 -0.888293 0.0585518 14.6565 0.890115 0.455502 -0.0145897 29.1538 -0.0137105 0.0587639 0.998178 -1.03202
0.453804 -0.889296 0.0566916 15.1318 0.890969 0.453915 -0.0116518 30.0336 -0.0153713 0.055798 0.998324 -1.03505
0.452891 -0.889722 0.0573067 15.5743 0.891389 0.453145 -0.00923332 30.9496 -0.0177532 0.0552643 0.998314 -1.07329
0.451757 -0.890404 0.0556349 16.0228 0.891942 0.452095 -0.00708347 31.8757 -0.0188451 0.0528231 0.998426 -1.07384
0.450884 -0.890855 0.0555072 16.4841 0.892353 0.451306 -0.00539275 32.7624 -0.0202466 0.0519635 0.998444 -1.08403
0.450076 -0.891292 0.0550423 16.9362 0.892631 0.450788 0.000596088 33.6493 -0.0253437 0.0488642 0.998484 -1.06876
0.450133 -0.891194 0.0561556 17.3545 0.89252 0.450997 0.00306613 34.5107 -0.0280585 0.0487399 0.998417 -1.11061
0.449923 -0.891322 0.0558059 17.7947 0.89262 0.450796 0.00347872 35.4128 -0.0282577 0.0482483 0.998435 -1.15387
0.450174 -0.891017 0.0585913 18.2653 0.89258 0.450887 -0.00117823 36.3218 -0.0253682 0.0528279 0.998281 -1.15449
0.450096 -0.891229 0.0558969 18.705 0.892686 0.450672 -0.00253881 37.2287 -0.0229285 0.0510411 0.998433 -1.16053
0.450004 -0.891557 0.0512136 19.1572 0.892742 0.450567 -0.000604484 38.1317 -0.0225362 0.0459925 0.998688 -1.16942
0.44921 -0.891833 0.0533355 19.6118 0.893098 0.449861 0.000234659 39.0126 -0.0242029 0.0475285 0.998577 -1.19181
0.44793 -0.892491 0.0530955 20.0384 0.893725 0.448614 0.00109247 39.887 -0.0247944 0.0469635 0.998589 -1.2019
0.447727 -0.89248 0.0549508 20.4525 0.893871 0.44832 -0.00170696 40.748 -0.0231121 0.0498832 0.998488 -1.19276
0.447855 -0.892484 0.0538334 20.8771 0.893906 0.448217 -0.00582922 41.6102 -0.0189265 0.0507326 0.998533 -1.19658
0.447479 -0.893071 0.0467589 21.3307 0.894153 0.447727 -0.00561451 42.5216 -0.0159211 0.044322 0.99889 -1.17312
0.446887 -0.89356 0.0429219 21.7721 0.89443 0.4472 -0.00254116 43.4014 -0.016924 0.0395263 0.999075 -1.17266
0.446502 -0.89323 0.0526841 22.2004 0.894503 0.447059 -0.0013498 44.2541 -0.0223472 0.0477288 0.99861 -1.21466
0.446204 -0.893151 0.056421 22.6377 0.894608 0.44685 -0.00129713 45.1623 -0.0240532 0.0510535 0.998406 -1.26325
0.446213 -0.893014 0.0584797 23.067 0.894627 0.446802 -0.00331836 46.0436 -0.0231655 0.0537982 0.998283 -1.27195
0.445706 -0.89321 0.05935 23.5245 0.894956 0.446096 -0.00724732 46.8883 -0.0200024 0.0563458 0.998211 -1.20206
0.445098 -0.893643 0.0573587 23.9414 0.895259 0.445502 -0.00624519 47.7447 -0.0199724 0.0541306 0.998334 -1.17583
0.444487 -0.893956 0.0572246 24.3487 0.89546 0.44514 -0.00147567 48.5545 -0.0241538 0.0518982 0.99836 -1.18233
0.443726 -0.894221 0.0589533 24.7928 0.895723 0.444608 0.00207102 49.4025 -0.0280631 0.0518869 0.998259 -1.15192
0.442762 -0.894667 0.0594374 25.2104 0.896121 0.443785 0.00457444 50.278 -0.0304701 0.0512378 0.998222 -1.1517
0.441564 -0.89523 0.0598753 25.6107 0.896763 0.442503 0.00272514 51.1402 -0.0289346 0.0524907 0.998202 -1.23162
0.440319 -0.895898 0.0590426 26.0153 0.897539 0.440924 -0.00306151 51.9456 -0.0232905 0.0543411 0.998251 -1.26431
0.440185 -0.896196 0.0554018 26.4015 0.897734 0.440472 -0.0075751 52.7678 -0.0176142 0.0530706 0.998435 -1.27145
0.439282 -0.896995 0.0493125 26.8091 0.898198 0.439552 -0.00581352 53.5949 -0.0164607 0.0468462 0.998766 -1.26536
0.438024 -0.897816 0.045393 27.1902 0.898759 0.438442 -0.000817472 54.406 -0.0191683 0.0411554 0.998969 -1.2765
0.436829 -0.898351 0.0463188 27.5755 0.899308 0.437315 0.000390738 55.2175 -0.0206069 0.0414842 0.998927 -1.28188
0.43621 -0.898817 0.0429881 27.9819 0.899624 0.436663 0.00126856 56.0071 -0.0199115 0.0381198 0.999075 -1.25743
0.434133 -0.899802 0.0434266 28.3404 0.900608 0.434626 0.00216414 56.7926 -0.0208216 0.0381708 0.999054 -1.27427
0.433456 -0.900119 0.043599 28.7062 0.900934 0.433951 0.00211768 57.5732 -0.020826 0.0383619 0.999047 -1.27111
0.432679 -0.900578 0.0418044 29.0452 0.9013 0.433183 0.00338487 58.3046 -0.0211573 0.0362138 0.99912 -1.2714
0.430935 -0.901395 0.0422032 29.4118 0.902121 0.431465 0.0039072 59.0567 -0.0217311 0.0363887 0.999101 -1.26953
0.429909 -0.901945 0.0409011 29.7545 0.902551 0.430523 0.00717549 59.7816 -0.0240808 0.0338305 0.999137 -1.28004
0.428937 -0.902376 0.0416012 30.0744 0.902959 0.429631 0.00904161 60.4908 -0.0260321 0.033686 0.999093 -1.29137
0.427402 -0.903145 0.0407098 30.4041 0.903647 0.428136 0.0110181 61.1818 -0.0273803 0.0320782 0.99911 -1.25784
0.425822 -0.904003 0.0381357 30.7271 0.904413 0.426502 0.0115595 61.8442 -0.0267148 0.0295681 0.999206 -1.27594
0.425049 -0.904377 0.0378965 31.0109 0.904947 0.425502 0.00441128 62.5198 -0.0201145 0.0324193 0.999272 -1.28713
0.424418 -0.904763 0.0356758 31.3139 0.905341 0.424686 -7.42374e-05 63.1815 -0.0150838 0.0323302 0.999363 -1.32196
0.423626 -0.90526 0.0323343 31.6107 0.905754 0.423801 -0.00157605 63.8114 -0.0122766 0.0299546 0.999476 -1.32419
0.423196 -0.905674 0.0256783 31.8967 0.905915 0.423435 0.0044595 64.4591 -0.0149119 0.0213751 0.99966 -1.27366
0.422039 -0.90611 0.0291053 32.1763 0.906402 0.422371 0.00612035 65.0789 -0.0178389 0.0237981 0.999558 -1.2776
0.420989 -0.906472 0.0328102 32.4397 0.906921 0.421292 0.00260728 65.6408 -0.0161861 0.0286586 0.999458 -1.28072
0.421072 -0.906409 0.0334897 32.7064 0.906953 0.421223 -0.00274558 66.1794 -0.011618 0.0315297 0.999435 -1.3184
0.422288 -0.905844 0.0334491 32.9768 0.906432 0.422285 -0.00749746 66.7401 -0.00733351 0.0334854 0.999412 -1.3177
0.424717 -0.904746 0.032401 33.2156 0.905293 0.424735 -0.00666092 67.2741 -0.00773539 0.0321614 0.999453 -1.3194
0.428474 -0.903148 0.0270754 33.4469 0.903507 0.428565 -0.00266559 67.7826 -0.00919615 0.025605 0.99963 -1.33128
0.432515 -0.90118 0.0283858 33.6935 0.901552 0.43267 -0.000738172 68.2857 -0.0116165 0.0259105 0.999597 -1.30073
0.437536 -0.898552 0.0341608 33.9193 0.899057 0.437829 0.00125422 68.7714 -0.0160836 0.0301637 0.999416 -1.32341
0.444381 -0.895045 0.0376895 34.1742 0.895628 0.444795 0.00293871 69.2606 -0.0193944 0.0324498 0.999285 -1.28862
0.453989 -0.890272 0.0361818 34.3924 0.890772 0.454427 0.00451187 69.6731 -0.0204588 0.0301814 0.999335 -1.25901
0.466774 -0.883738 0.0336182 34.6486 0.884114 0.467224 0.00660628 70.1731 -0.0215455 0.0266387 0.999413 -1.23714
0.482707 -0.875316 0.0285576 34.8597 0.87553 0.483094 0.00823597 70.5818 -0.0210051 0.0210275 0.999558 -1.24178
0.501499 -0.864657 0.0294396 35.0973 0.864854 0.501935 0.00944039 70.9919 -0.0229395 0.0207266 0.999522 -1.26292
0.523555 -0.851307 0.0341591 35.3744 0.851599 0.52411 0.00937011 71.359 -0.02588 0.0241841 0.999372 -1.24784
0.546423 -0.836669 0.0375015 35.6622 0.837006 0.547099 0.0101807 71.7271 -0.0290349 0.025826 0.999245 -1.25189
0.574341 -0.817789 0.0367782 35.9184 0.818047 0.575037 0.0114441 72.1091 -0.0305077 0.0235135 0.999258 -1.24128
0.603678 -0.796446 0.0353086 36.2034 0.796622 0.604354 0.01224 72.4381 -0.0310874 0.0207386 0.999302 -1.24069
0.634539 -0.772026 0.0365578 36.5163 0.772135 0.6353 0.014179 72.7359 -0.0341717 0.0192304 0.999231 -1.25723
0.672045 -0.739588 0.0369545 36.7196 0.739669 0.672823 0.014114 73.0413 -0.0353023 0.0178489 0.999217 -1.2801
0.708983 -0.70436 0.0349333 36.9784 0.704376 0.70969 0.0139377 73.3353 -0.034609 0.0147246 0.999292 -1.29028
0.746577 -0.66447 0.0332074 37.2946 0.664479 0.747205 0.0123579 73.606 -0.0330242 0.0128395 0.999372 -1.28826
0.784313 -0.619449 0.0336904 37.5923 0.619421 0.784959 0.012523 73.797 -0.034203 0.0110466 0.999354 -1.31498
0.821258 -0.569625 0.0325893 37.9222 0.569548 0.821863 0.0125159 74.0625 -0.0339133 0.00828242 0.99939 -1.28926
0.856003 -0.516029 0.0311841 38.2184 0.515955 0.856545 0.0110097 74.2064 -0.0323919 0.00666519 0.999453 -1.33572
0.887657 -0.459348 0.0326138 38.5987 0.459281 0.888235 0.00997654 74.4111 -0.0335515 0.00612316 0.999418 -1.33475
0.915309 -0.401433 0.0325648 38.9909 0.401353 0.915877 0.00926482 74.5232 -0.0335445 0.00458978 0.999427 -1.34045
0.93959 -0.340585 0.0342335 39.331 0.34049 0.940207 0.00873868 74.6403 -0.0351628 0.00344539 0.999376 -1.34436
0.959269 -0.280231 0.0356834 39.6683 0.280019 0.959932 0.0109211 74.7292 -0.0373141 -0.000484297 0.999303 -1.36551
0.974825 -0.21973 0.0378932 40.0598 0.219472 0.975558 0.0108862 74.7887 -0.039359 -0.0022956 0.999223 -1.4009
0.986393 -0.160196 0.0369724 40.4429 0.160014 0.987084 0.00784082 74.86 -0.0377509 -0.00181803 0.999286 -1.43383
0.994196 -0.101111 0.0367639 40.8126 0.101037 0.994875 0.00384538 74.8474 -0.0369643 -0.00010853 0.999317 -1.41051
0.998313 -0.0438476 0.038048 41.175 0.043743 0.999036 0.00357783 74.8414 -0.0381682 -0.00190747 0.999269 -1.40853
0.999241 0.0101968 0.0375944 41.579 -0.0105134 0.999911 0.0082335 74.8223 -0.0375071 -0.0086225 0.999259 -1.3802
0.997428 0.06196 0.0360222 41.9609 -0.062334 0.998011 0.00935449 74.8043 -0.0353709 -0.0115758 0.999307 -1.44392
0.993027 0.112635 0.0347915 42.313 -0.112881 0.993595 0.00518331 74.7889 -0.0339848 -0.00907448 0.999381 -1.48075
0.98693 0.15749 0.0341436 42.6811 -0.15733 0.987519 -0.0073345 74.722 -0.0348726 0.00186682 0.99939 -1.49237
0.979985 0.195415 0.0379839 43.0721 -0.195017 0.980701 -0.0139349 74.6326 -0.0399739 0.00624843 0.999181 -1.47816
0.972438 0.229908 0.0388163 43.4296 -0.229577 0.973206 -0.0128454 74.5466 -0.0407295 0.00358007 0.999164 -1.44382
0.964718 0.260728 0.0366158 43.8008 -0.260773 0.965393 -0.00364256 74.4741 -0.0362984 -0.00603436 0.999323 -1.41345
0.956861 0.288629 0.0333263 44.2176 -0.288974 0.957319 0.00593225 74.3951 -0.0301917 -0.0153068 0.999427 -1.47419
0.948756 0.31456 0.0302146 44.6016 -0.314849 0.949128 0.00519719 74.2395 -0.0270427 -0.0144439 0.99953 -1.45998
0.940934 0.337469 0.0275402 44.9849 -0.33764 0.941274 0.0016918 74.0845 -0.0253519 -0.0108906 0.999619 -1.4808
0.933791 0.35724 0.0203633 45.3747 -0.357212 0.934009 -0.00510467 73.9286 -0.0208431 -0.00250731 0.99978 -1.49504
0.927011 0.374799 0.0133037 45.7673 -0.374766 0.927106 -0.00502528 73.7668 -0.0142175 -0.000327295 0.999899 -1.49872
0.920167 0.391306 0.0131346 46.224 -0.391326 0.920252 -0.0011183 73.5835 -0.0125247 -0.00411088 0.999913 -1.48077
0.91393 0.405462 0.0182413 46.6475 -0.405551 0.914071 0.00130528 73.3913 -0.0161446 -0.00859069 0.999833 -1.51129
0.907786 0.418873 0.0216652 47.0773 -0.418991 0.90799 0.000977437 73.2069 -0.0192624 -0.00996483 0.999765 -1.52764
0.9022 0.43067 0.0236367 47.5164 -0.430776 0.902458 -0.000683442 73.0107 -0.0216255 -0.00956551 0.99972 -1.55115
0.897101 0.441319 0.0211476 47.9795 -0.441278 0.897344 -0.00681768 72.7688 -0.0219854 -0.00321582 0.999753 -1.58302
0.892327 0.450978 0.0192913 48.4097 -0.450939 0.892531 -0.00654527 72.514 -0.0201699 -0.00285869 0.999792 -1.5705
0.888303 0.458862 0.0190621 48.907 -0.458836 0.888501 -0.00596905 72.291 -0.0196757 -0.00344406 0.999801 -1.58062
0.885711 0.46391 0.0174338 49.3998 -0.463828 0.885882 -0.00877263 72.048 -0.019514 -0.000316266 0.99981 -1.56852
0.88296 0.469075 0.0187247 49.8741 -0.469069 0.883147 -0.00495866 71.773 -0.0188627 -0.0044049 0.999812 -1.58624
0.880097 0.474436 0.0184316 50.3998 -0.474415 0.880282 -0.0058008 71.4772 -0.0189771 -0.00363896 0.999813 -1.59171
0.877172 0.479838 0.0180055 50.9125 -0.479815 0.87735 -0.00587089 71.1967 -0.0186142 -0.00348952 0.999821 -1.60408
0.875738 0.482539 0.0154734 51.4803 -0.482428 0.875873 -0.0104604 70.9175 -0.0186002 0.00169574 0.999826 -1.65433
0.874791 0.484302 0.0138764 52.0203 -0.484178 0.874895 -0.011417 70.6183 -0.0176696 0.00326883 0.999839 -1.6652
0.873532 0.486555 0.0143476 52.6028 -0.486444 0.873647 -0.0106654 70.2609 -0.0177241 0.00233725 0.99984 -1.66483
0.872746 0.488009 0.012719 53.1887 -0.487844 0.872817 -0.0140934 69.9218 -0.0179791 0.00609511 0.99982 -1.65146
0.87356 0.48661 0.0102276 53.7821 -0.486371 0.873538 -0.0193715 69.6126 -0.0183605 0.0119478 0.99976 -1.68751
0.874774 0.48444 0.00942685 54.4274 -0.484171 0.874708 -0.0215543 69.2406 -0.0186875 0.0142909 0.999723 -1.68384
0.876386 0.481566 0.00638231 55.06 -0.481256 0.876175 -0.0266541 68.8947 -0.0184277 0.0202877 0.999624 -1.70854
0.878709 0.47733 0.00518757 55.7118 -0.477014 0.878436 -0.02841 68.5391 -0.0181179 0.0224896 0.999583 -1.74276
0.880605 0.473766 0.00897704 56.3756 -0.473485 0.880511 -0.0226133 68.1926 -0.0186178 0.0156629 0.999704 -1.74368
0.882577 0.470043 0.0108023 57.0455 -0.469759 0.882536 -0.0213692 67.8407 -0.0195779 0.0137855 0.999713 -1.76324
0.884633 0.466145 0.0115559 57.7213 -0.46581 0.884577 -0.0233505 67.5025 -0.0211068 0.0152738 0.999661 -1.77743
0.886071 0.463253 0.016578 58.4627 -0.462971 0.886185 -0.0182634 67.1099 -0.0231518 0.00850755 0.999696 -1.78416
0.888359 0.45883 0.0171392 59.1991 -0.458543 0.888485 -0.018217 66.7498 -0.0235864 0.00832423 0.999687 -1.77605
0.889658 0.456463 0.0122507 59.9303 -0.456201 0.889667 -0.0193276 66.3949 -0.0197213 0.0116062 0.999738 -1.79546
0.890596 0.454739 0.00722155 60.6561 -0.454586 0.890554 -0.0162772 66.0434 -0.013833 0.0112135 0.999841 -1.82045
0.890508 0.454865 0.00964963 61.3653 -0.4548 0.890556 -0.00818874 65.6697 -0.0123183 0.00290348 0.99992 -1.80684
0.890475 0.454894 0.0112236 62.137 -0.454864 0.890546 -0.00522493 65.3195 -0.0123719 -0.000452541 0.999923 -1.7945
0.890702 0.454466 0.0105449 62.8586 -0.454385 0.890757 -0.00926569 64.9479 -0.0136039 0.0034615 0.999901 -1.81171
0.890678 0.454431 0.0136303 63.5591 -0.454366 0.890782 -0.00772539 64.5937 -0.0156523 0.000687686 0.999877 -1.81177
0.890761 0.454257 0.0140006 64.3157 -0.454216 0.89087 -0.00620072 64.2008 -0.0152895 -0.00083594 0.999883 -1.81892
0.891034 0.453644 0.0162904 65.0478 -0.453644 0.891174 -0.0039293 63.8399 -0.0163001 -0.00388888 0.99986 -1.82328
0.890919 0.453759 0.019115 65.7829 -0.453901 0.891044 0.00365192 63.4808 -0.0153753 -0.0119299 0.999811 -1.82911
0.890634 0.454373 0.0177943 66.514 -0.454496 0.890742 0.00339612 63.1072 -0.014307 -0.0111121 0.999836 -1.83134
0.889451 0.456717 0.0168982 67.2317 -0.456817 0.889558 0.00235491 62.7536 -0.0139564 -0.00981397 0.999854 -1.85525
0.887509 0.460372 0.0196138 67.9472 -0.460526 0.887637 0.00394545 62.3981 -0.0155936 -0.0125343 0.9998 -1.85786
0.885616 0.463859 0.0227965 68.6695 -0.4641 0.885759 0.00649032 62.0179 -0.0171816 -0.0163278 0.999719 -1.86727
0.882649 0.469404 0.0243181 69.3848 -0.46967 0.882819 0.00637258 61.6313 -0.0184772 -0.0170462 0.999684 -1.86799
0.879316 0.475589 0.0248596 70.1085 -0.475871 0.87949 0.00667114 61.2496 -0.0186911 -0.017696 0.999669 -1.86908
0.875233 0.483006 0.0259419 70.8188 -0.483334 0.8754 0.00792577 60.8662 -0.0188814 -0.0194755 0.999632 -1.86359
0.869751 0.492763 0.0268 71.5184 -0.493123 0.869917 0.00863294 60.4695 -0.0190597 -0.0207242 0.999604 -1.8703
0.864653 0.501681 0.0262759 72.2234 -0.502006 0.864834 0.00723741 60.0891 -0.0190934 -0.0194485 0.999628 -1.88352
0.859283 0.510598 0.0303705 72.9186 -0.511133 0.8594 0.0131901 59.7063 -0.0193655 -0.0268574 0.999452 -1.90152
0.853726 0.519623 0.0338332 73.6051 -0.520311 0.853831 0.0157509 59.2921 -0.0207033 -0.0310507 0.999303 -1.90249
0.847852 0.529154 0.0338005 74.2593 -0.529831 0.847968 0.0151436 58.8623 -0.0206485 -0.0307481 0.999314 -1.89458
0.842052 0.538303 0.0343405 74.9655 -0.53903 0.84212 0.0167675 58.4529 -0.0198928 -0.0326296 0.99927 -1.8853
0.835615 0.548256 0.03411 75.6164 -0.549006 0.835616 0.0183579 58.0147 -0.0184381 -0.0340667 0.999249 -1.91053
0.830126 0.556736 0.0305909 76.2519 -0.557274 0.830232 0.012683 57.5922 -0.0183365 -0.027576 0.999452 -1.90266
0.824914 0.564461 0.0300168 76.8904 -0.565017 0.824951 0.0145781 57.1736 -0.0165336 -0.0289857 0.999443 -1.92196
0.81994 0.571619 0.0308421 77.4867 -0.572242 0.819903 0.0172528 56.7547 -0.0154255 -0.0317954 0.999375 -1.90772
0.814543 0.579289 0.0307334 78.1 -0.579897 0.814523 0.0164959 56.3203 -0.0154772 -0.0312588 0.999391 -1.93354
0.808964 0.587111 0.0296141 78.731 -0.587654 0.808983 0.0144684 55.8516 -0.0154627 -0.0291073 0.999457 -1.92501
0.804888 0.592674 0.0298736 79.2743 -0.593191 0.804966 0.0123971 55.4526 -0.0166998 -0.027699 0.999477 -1.93489
0.801363 0.597248 0.033337 79.8989 -0.597884 0.801471 0.0133438 55.0079 -0.0187491 -0.0306249 0.999355 -1.93758
0.798692 0.600815 0.0333566 80.4974 -0.6014 0.798877 0.0106444 54.5544 -0.0202525 -0.0285622 0.999387 -1.92509
0.797438 0.602534 0.0323226 81.0454 -0.603049 0.797658 0.00861223 54.1449 -0.0205933 -0.0263599 0.99944 -1.93664
0.796371 0.603985 0.0315305 81.5909 -0.604447 0.796615 0.00699372 53.7265 -0.0208936 -0.0246281 0.999478 -1.93735
0.796448 0.603794 0.0332227 82.1107 -0.604379 0.796623 0.0108444 53.3231 -0.0199182 -0.0287161 0.999389 -1.96014
0.796972 0.603172 0.0319354 82.6147 -0.60373 0.797108 0.0113502 52.9289 -0.0186098 -0.0283262 0.999425 -1.96887
0.798902 0.600763 0.0289702 83.149 -0.601207 0.799038 0.00943194 52.5484 -0.0174819 -0.0249523 0.999536 -1.95823
0.801918 0.596813 0.0272473 83.6625 -0.5972 0.802046 0.00860614 52.1774 -0.0167173 -0.0231735 0.999592 -1.95812
0.806778 0.590178 0.028279 84.1486 -0.590604 0.806906 0.00946454 51.8282 -0.0172328 -0.0243375 0.999555 -1.97065
0.813357 0.581043 0.0289685 84.6347 -0.581511 0.813464 0.0109909 51.4588 -0.0171786 -0.0257851 0.99952 -1.94329
0.82117 0.57004 0.0271112 85.1068 -0.570427 0.821299 0.00899249 51.1437 -0.0171403 -0.0228493 0.999592 -1.94946
0.830243 0.55677 0.0265242 85.5751 -0.557186 0.830305 0.0117233 50.8813 -0.015496 -0.0245121 0.999579 -1.95357
0.841409 0.539879 0.0236932 86.0251 -0.540223 0.841444 0.0114486 50.6115 -0.0137556 -0.0224326 0.999654 -1.96627
0.853488 0.520564 0.0239065 86.4754 -0.520958 0.853455 0.0147456 50.3694 -0.0127271 -0.0250395 0.999605 -1.97506
0.867238 0.497366 0.0229097 86.9673 -0.497751 0.867171 0.0160465 50.1344 -0.0118856 -0.0253195 0.999609 -1.98004
0.882763 0.469356 0.0208507 87.4461 -0.46968 0.882712 0.0148682 49.9421 -0.0114267 -0.0229183 0.999672 -2.00296
0.900182 0.434885 0.0234071 87.9382 -0.435279 0.900161 0.0155394 49.7333 -0.0143123 -0.024177 0.999605 -2.01283
0.91702 0.398067 0.0248561 88.4218 -0.39848 0.917061 0.0145897 49.5582 -0.0169869 -0.0232837 0.999585 -2.0128
0.934021 0.356081 0.0284642 88.9427 -0.356573 0.934155 0.0144832 49.4017 -0.0214328 -0.0236772 0.99949 -2.00367
0.949892 0.310869 0.0326398 89.3943 -0.311469 0.950136 0.0151163 49.3032 -0.0263131 -0.0245251 0.999353 -1.99652
0.964346 0.262268 0.0353982 89.9263 -0.262935 0.964686 0.0156588 49.2208 -0.0300413 -0.0244079 0.999251 -1.9887
0.977416 0.208179 0.0363324 90.4263 -0.208897 0.977786 0.0172037 49.1526 -0.0319439 -0.0244049 0.999192 -2.00788
0.988455 0.147563 0.0343693 90.9497 -0.148141 0.988854 0.0149298 49.1442 -0.0317831 -0.019849 0.999298 -2.01647
0.996067 0.0837326 0.0289702 91.4449 -0.0841124 0.996382 0.0121491 49.1293 -0.0278481 -0.0145381 0.999506 -2.02023
0.999564 0.016597 0.0244011 91.9179 -0.016832 0.999814 0.0094605 49.1552 -0.0242395 -0.0098671 0.999658 -2.04261
0.998378 -0.0527649 0.021393 92.4044 0.0525178 0.998548 0.0119533 49.245 -0.0219927 -0.0108104 0.9997 -2.07871
0.992337 -0.122306 0.0175378 92.8739 0.122097 0.992439 0.0125206 49.3535 -0.0189365 -0.0102833 0.999768 -2.0957
0.981342 -0.19153 0.0168687 93.2988 0.191323 0.981439 0.0131314 49.476 -0.0190706 -0.00965905 0.999771 -2.11968
0.965785 -0.258907 0.0150729 93.7696 0.258779 0.965885 0.0099483 49.6076 -0.0171344 -0.00570737 0.999837 -2.13033
0.945552 -0.324979 0.0178982 94.2062 0.324888 0.94572 0.00786877 49.7735 -0.0194839 -0.00162541 0.999809 -2.12926
0.921593 -0.38749 0.0227481 94.5907 0.387355 0.921874 0.0102212 49.9771 -0.0249315 -0.000608192 0.999689 -2.14046
0.89401 -0.447228 0.0270583 94.9909 0.447073 0.894419 0.0118876 50.2478 -0.0295179 0.00146939 0.999563 -2.13044
0.864465 -0.501677 0.0319366 95.3724 0.501441 0.865051 0.0155994 50.4982 -0.0354527 0.00252921 0.999368 -2.13587
0.834123 -0.550454 0.0351909 95.73 0.55021 0.83485 0.017166 50.7604 -0.0388282 0.00504378 0.999233 -2.10592
0.803898 -0.59363 0.0367658 96.0999 0.593257 0.804726 0.0215022 51.0452 -0.0423507 0.00452602 0.999093 -2.12006
0.776796 -0.628814 0.0343686 96.437 0.628172 0.777555 0.0284093 51.3221 -0.0445876 -0.000478813 0.999005 -2.14626
0.753046 -0.657239 0.0309636 96.7597 0.656535 0.753678 0.0305284 51.6509 -0.043401 -0.00266056 0.999054 -2.14607
0.730645 -0.682198 0.027622 97.0693 0.681546 0.731161 0.0299916 51.9729 -0.0406563 -0.00308756 0.999168 -2.21443
0.714514 -0.699008 0.0292895 97.3778 0.698512 0.715112 0.026367 52.2932 -0.039376 0.00161947 0.999223 -2.21914
0.701713 -0.711781 0.031088 97.7066 0.711379 0.702384 0.024436 52.6138 -0.0392288 0.00496831 0.999218 -2.22247
0.692826 -0.720467 0.0303214 98.0315 0.720015 0.693478 0.0258088 52.9906 -0.0396216 0.00395089 0.999207 -2.2177
0.68583 -0.727245 0.0274308 98.3706 0.726583 0.686376 0.0310632 53.4055 -0.0414184 -0.00137332 0.999141 -2.2577
0.68182 -0.7312 0.0216481 98.7085 0.730506 0.682134 0.0324709 53.7692 -0.0385096 -0.00632526 0.999238 -2.28962
0.679642 -0.733366 0.0161635 99.0966 0.732727 0.67976 0.0322126 54.1863 -0.0346109 -0.0100496 0.99935 -2.30841
0.679318 -0.73369 0.0150447 99.4198 0.733141 0.679422 0.0298273 54.5614 -0.0321057 -0.00923232 0.999442 -2.33914
0.681067 -0.732078 0.0144907 99.8564 0.731622 0.681176 0.0269704 54.9946 -0.0296152 -0.00776689 0.999531 -2.36582
0.685335 -0.728094 0.0139515 100.208 0.72777 0.685458 0.0223297 55.4006 -0.0258213 -0.00514989 0.999653 -2.36138
0.689241 -0.724444 0.0113424 100.6 0.724171 0.689307 0.0207903 55.8146 -0.0228798 -0.00611564 0.999719 -2.38595
0.691623 -0.72221 0.00836664 101.02 0.721889 0.691593 0.023975 56.2714 -0.0231013 -0.0105419 0.999678 -2.38414
0.695417 -0.718572 0.00699267 101.449 0.71818 0.695307 0.0276539 56.7128 -0.0247334 -0.014209 0.999593 -2.40594
0.698942 -0.715094 0.0109402 101.904 0.714631 0.698924 0.0284096 57.1593 -0.0279619 -0.0120384 0.999536 -2.42884
0.702648 -0.711291 0.0187254 102.274 0.710806 0.702876 0.0268308 57.5886 -0.0322461 -0.00554245 0.999465 -2.43802
0.70607 -0.707802 0.021946 102.781 0.70716 0.706384 0.0307589 58.1039 -0.0372735 -0.00619859 0.999286 -2.47141
0.707175 -0.706415 0.0296825 103.237 0.706002 0.707788 0.0244546 58.5458 -0.038284 0.00366217 0.99926 -2.47869
0.706876 -0.706653 0.031113 103.75 0.706455 0.707507 0.0188245 59.019 -0.0353151 0.00867337 0.999339 -2.48801
0.707642 -0.706067 0.0266698 104.186 0.705962 0.708095 0.0147742 59.4783 -0.0293163 0.00837307 0.999535 -2.49977
0.706695 -0.707258 0.0191859 104.694 0.707098 0.70695 0.0152946 59.965 -0.0243808 0.00275771 0.999699 -2.52357
0.704723 -0.709302 0.0160274 105.157 0.70919 0.704901 0.012816 60.4677 -0.0203881 0.00233472 0.999789 -2.54964
0.702545 -0.711445 0.0166348 105.698 0.711208 0.702741 0.0183908 61.0071 -0.024774 -0.00108957 0.999692 -2.57588
0.701015 -0.712897 0.018866 106.198 0.712545 0.701265 0.0225336 61.5285 -0.0292942 -0.00235348 0.999568 -2.58504
0.699444 -0.714334 0.0224647 106.715 0.713897 0.699803 0.0250345 62.0635 -0.0336038 -0.00147273 0.999434 -2.61626
0.69842 -0.715257 0.0248308 107.211 0.714915 0.698858 0.0222249 62.5929 -0.0332498 0.00222957 0.999444 -2.6165
0.69682 -0.716992 0.0190994 107.731 0.716648 0.697079 0.0222761 63.1355 -0.0292856 -0.00183488 0.999569 -2.63054
0.694598 -0.719153 0.0187593 108.27 0.718964 0.694849 0.0166307 63.7167 -0.0249949 0.00193558 0.999686 -2.64766
0.692211 -0.721572 0.0133414 108.781 0.721329 0.69233 0.0190343 64.2662 -0.0229713 -0.0035522 0.99973 -2.66487
0.688893 -0.724789 0.0103626 109.322 0.724464 0.688918 0.0233187 64.8281 -0.0240401 -0.00855673 0.999674 -2.70828
0.686212 -0.727299 0.0122364 109.901 0.726965 0.686285 0.0231168 65.401 -0.0252105 -0.00696753 0.999658 -2.71843
0.684496 -0.728924 0.0115844 110.444 0.72854 0.684537 0.025281 65.9656 -0.0263579 -0.00886505 0.999613 -2.74569
0.683177 -0.730077 0.0160434 111.043 0.729769 0.683359 0.0214072 66.5966 -0.0265923 -0.00291694 0.999642 -2.75861
0.683167 -0.730032 0.0183497 111.608 0.729709 0.683411 0.0217772 67.1835 -0.0284384 -0.00148748 0.999594 -2.77564
0.682688 -0.730483 0.0182186 112.15 0.730088 0.682923 0.0242261 67.771 -0.0301387 -0.00323771 0.99954 -2.78971
0.682946 -0.730244 0.0181185 112.725 0.729922 0.683185 0.0217186 68.399 -0.0282382 -0.00160756 0.9996 -2.80064
0.683319 -0.730016 0.0123394 113.299 0.72966 0.683391 0.023934 69.0458 -0.0259048 -0.00735096 0.999637 -2.83406
0.684264 -0.729217 0.00505079 113.837 0.728798 0.684078 0.0298368 69.6697 -0.0252126 -0.0167352 0.999542 -2.83641
0.686512 -0.727115 -0.00228944 114.451 0.726657 0.68596 0.0377847 70.3423 -0.0259034 -0.0276033 0.999283 -2.87471
0.688783 -0.72496 -0.00331702 115.008 0.724467 0.688131 0.0402894 70.9343 -0.0269257 -0.0301537 0.999183 -2.90209
0.690629 -0.723198 -0.00404539 115.575 0.722714 0.689937 0.0408813 71.544 -0.0267742 -0.0311574 0.999156 -2.94317
0.692207 -0.721697 -0.00169602 116.188 0.721278 0.691722 0.0357565 72.1909 -0.0246322 -0.0259742 0.999359 -2.93923
0.693702 -0.720262 0.000862988 116.79 0.71988 0.693372 0.03176 72.8075 -0.0234739 -0.0214107 0.999495 -2.95
0.694009 -0.719965 0.00128403 117.37 0.71958 0.693694 0.0315234 73.4164 -0.0235865 -0.0209535 0.999502 -2.97472
0.69475 -0.719241 0.00381031 117.986 0.718856 0.694534 0.0294695 74.0519 -0.023842 -0.0177348 0.999558 -2.96139
0.695948 -0.718088 0.00253549 118.584 0.717657 0.695644 0.0323723 74.6687 -0.02501 -0.0207099 0.999473 -2.95276
0.69662 -0.717434 0.00299683 119.162 0.716815 0.696181 0.0388372 75.2906 -0.0299494 -0.0249066 0.999241 -2.99666
0.696709 -0.71734 0.00447358 119.744 0.7165 0.69617 0.0444415 75.8984 -0.0349941 -0.0277575 0.999002 -3.05388
0.697297 -0.716782 0.00116506 120.356 0.716204 0.696798 0.0390463 76.5197 -0.0287994 -0.0263924 0.999237 -3.0606
0.698051 -0.716037 -0.00393095 120.922 0.71586 0.697731 0.0267502 77.1045 -0.0164114 -0.021487 0.999634 -3.10615
0.698476 -0.71562 -0.00441398 121.5 0.715566 0.698311 0.0181014 77.6949 -0.00987139 -0.0158019 0.999826 -3.06655
0.69703 -0.717038 -0.00218263 122.107 0.716799 0.696712 0.028125 78.3054 -0.018646 -0.0211685 0.999602 -3.05352
0.696809 -0.717212 0.00797588 122.694 0.71652 0.696554 0.0375701 78.9452 -0.0325014 -0.0204643 0.999262 -3.07746
0.695173 -0.718469 0.0231628 123.32 0.717 0.695337 0.0491805 79.5781 -0.0514406 -0.0175812 0.998521 -3.1087
0.694521 -0.71918 0.0205237 123.896 0.717975 0.694633 0.0446855 80.1492 -0.0463933 -0.0162995 0.99879 -3.13891
0.693576 -0.720343 0.00759991 124.431 0.71972 0.693351 0.035602 80.746 -0.0309151 -0.0192229 0.999337 -3.13124
0.693141 -0.720802 -0.000480088 124.996 0.720504 0.692835 0.0292225 81.356 -0.020731 -0.0206012 0.999573 -3.15391
0.691594 -0.722286 -0.000800522 125.571 0.722011 0.691299 0.028396 81.9421 -0.0199567 -0.0202165 0.999596 -3.18765
0.689273 -0.7245 0.00164684 126.161 0.72418 0.689032 0.0282628 82.5645 -0.0216111 -0.0182882 0.999599 -3.2056
0.686658 -0.726979 0.00110379 126.727 0.726657 0.686398 0.0287521 83.1745 -0.0216598 -0.0189408 0.999586 -3.18454
0.683599 -0.729857 0.000977905 127.274 0.729594 0.683388 0.0259629 83.7439 -0.0196175 -0.0170348 0.999662 -3.18615
0.681488 -0.731828 -0.00118264 127.831 0.731577 0.68121 0.0273655 84.375 -0.0192212 -0.0195145 0.999625 -3.20127
0.680271 -0.732954 -0.00303021 128.357 0.732705 0.67992 0.0291883 84.9641 -0.0193334 -0.0220762 0.999569 -3.19573
0.67874 -0.73437 -0.00354757 128.892 0.734093 0.678332 0.0311974 85.5615 -0.020504 -0.0237792 0.999507 -3.20567
0.677812 -0.735235 -0.000306042 129.483 0.73483 0.677426 0.0334445 86.1861 -0.0243822 -0.022894 0.99944 -3.23203
0.676334 -0.736595 -0.000215379 130.004 0.736187 0.675949 0.0334795 86.7492 -0.0245153 -0.0228019 0.999439 -3.22952
0.674206 -0.738543 -0.000595244 130.552 0.738211 0.673878 0.0305521 87.3822 -0.0221629 -0.0210378 0.999533 -3.25097
0.671049 -0.741412 -0.00147787 131.101 0.741193 0.670799 0.0257348 87.977 -0.0180887 -0.0183647 0.999668 -3.25048
0.666417 -0.745574 0.00275024 131.635 0.745369 0.666313 0.0212861 88.5704 -0.0177029 -0.0121355 0.99977 -3.27391
0.661485 -0.749924 0.00720772 132.18 0.749634 0.661451 0.0230492 89.2087 -0.0220527 -0.00984358 0.999708 -3.26991
0.657204 -0.753594 0.0133877 132.695 0.753182 0.657304 0.0258524 89.7751 -0.028282 -0.00690696 0.999576 -3.27162
0.652663 -0.757445 0.0175361 133.226 0.75671 0.652832 0.0346523 90.4034 -0.0376953 -0.00934649 0.999246 -3.32909
0.64952 -0.760116 0.0186508 133.761 0.759109 0.649667 0.0410679 91.0304 -0.0433332 -0.0125164 0.998982 -3.34301
0.64642 -0.762836 0.0149134 134.236 0.762062 0.646477 0.0364572 91.5912 -0.0374521 -0.0122017 0.999224 -3.36158
0.641007 -0.767421 0.013196 134.769 0.766968 0.6411 0.0274194 92.2645 -0.0295022 -0.00745511 0.999537 -3.38309
0.636177 -0.771462 0.0111794 135.265 0.77124 0.636266 0.0188217 92.8743 -0.0216333 -0.00335198 0.99976 -3.39289
0.631031 -0.775711 0.0085073 135.783 0.775453 0.631052 0.02111 93.5152 -0.0217438 -0.00672406 0.999741 -3.41859
0.624904 -0.780694 0.00348678 136.277 0.780286 0.624711 0.0298289 94.1675 -0.0254654 -0.0159195 0.999549 -3.43441
0.61793 -0.786229 0.00248059 136.739 0.785823 0.617706 0.0303377 94.7746 -0.0253847 -0.0167973 0.999537 -3.46047
0.611159 -0.791498 -0.00399359 137.252 0.791275 0.610849 0.027321 95.4668 -0.019185 -0.0198575 0.999619 -3.45287
0.604461 -0.796607 -0.00660549 137.739 0.796462 0.604137 0.0258115 96.0992 -0.016571 -0.0208631 0.999645 -3.46209
0.597721 -0.801681 -0.00608074 138.228 0.801511 0.597393 0.0264899 96.7738 -0.0176038 -0.0207073 0.999631 -3.46189
0.59147 -0.806313 -0.00470771 138.733 0.805976 0.59103 0.0329502 97.4607 -0.0237858 -0.0232833 0.999446 -3.49199
0.584469 -0.811414 -0.00193158 139.214 0.810871 0.583988 0.0380315 98.1482 -0.0297313 -0.0237945 0.999275 -3.50295
0.577949 -0.816072 0.0011088 139.679 0.815352 0.577495 0.0412437 98.8314 -0.0342981 -0.0229327 0.999149 -3.54403
0.572755 -0.819727 0.000434073 140.16 0.818998 0.572268 0.0418495 99.5034 -0.0345535 -0.023614 0.999124 -3.55625
0.568776 -0.822492 0.000897256 140.632 0.821791 0.568335 0.0406746 100.208 -0.0339644 -0.0223974 0.999172 -3.58019
0.5657 -0.824597 -0.00470455 141.07 0.824065 0.565109 0.0396126 100.882 -0.0300059 -0.0262857 0.999204 -3.58952
0.562352 -0.826825 -0.0109972 141.491 0.826559 0.561691 0.0361043 101.558 -0.0236749 -0.0293932 0.999287 -3.58641
0.560601 -0.827941 -0.0154622 141.938 0.827849 0.559897 0.0343597 102.228 -0.0197906 -0.0320624 0.99929 -3.61413
0.557762 -0.829807 -0.0179287 142.394 0.829722 0.556884 0.0379662 102.921 -0.0215204 -0.036052 0.999118 -3.61752
0.555651 -0.831264 -0.015882 142.848 0.830845 0.554461 0.0476334 103.602 -0.0307899 -0.039663 0.998739 -3.63509
0.552281 -0.833589 -0.0107686 143.314 0.832603 0.550885 0.0574288 104.338 -0.0419398 -0.0406828 0.998291 -3.67081
0.54874 -0.835982 -0.00429882 143.753 0.83507 0.547885 0.0497978 104.987 -0.0392748 -0.0309159 0.99875 -3.68458
0.543475 -0.839424 0.00151459 144.224 0.838863 0.543176 0.035623 105.68 -0.0307255 -0.0180897 0.999364 -3.68665
0.538652 -0.842527 0.001501 144.646 0.842193 0.538487 0.027232 106.351 -0.023752 -0.0134045 0.999628 -3.66947
0.533289 -0.845896 -0.00795436 145.102 0.845571 0.532761 0.0342848 107.072 -0.0247636 -0.0250097 0.99938 -3.73475
0.526777 -0.849975 -0.00692663 145.534 0.849511 0.526177 0.0383185 107.756 -0.0289251 -0.0260696 0.999242 -3.74242
0.51928 -0.854603 0.00145706 145.936 0.853938 0.518941 0.0386038 108.444 -0.0337471 -0.018802 0.999254 -3.7288
0.514351 -0.857505 0.0113489 146.356 0.856851 0.514415 0.0344033 109.157 -0.035339 -0.00797108 0.999344 -3.75172
0.510623 -0.859572 0.02001 146.823 0.85905 0.511012 0.0299994 109.883 -0.036012 0.00187122 0.99935 -3.76009
0.504437 -0.863085 0.0250246 147.226 0.862855 0.504953 0.0224488 110.607 -0.0320115 0.0102685 0.999435 -3.7691
0.498279 -0.866646 0.0253561 147.643 0.866719 0.498661 0.0116465 111.321 -0.0227375 0.0161734 0.999611 -3.81829
0.493185 -0.869586 0.024275 148.112 0.869726 0.493477 0.00759648 112.047 -0.0185849 0.0173661 0.999676 -3.84127
0.487193 -0.872973 0.0236739 148.49 0.873034 0.487531 0.0112127 112.744 -0.0213301 0.0152053 0.999657 -3.78939
0.4827 -0.875437 0.0246976 148.873 0.875179 0.483223 0.023582 113.541 -0.032579 0.0102317 0.999417 -3.80779
0.477707 -0.87816 0.0251225 149.264 0.877675 0.478306 0.0301517 114.285 -0.0384943 0.00764573 0.99923 -3.79641
0.474589 -0.879753 0.0282828 149.657 0.879306 0.475312 0.0299834 115.017 -0.0398211 0.0106395 0.99915 -3.8392
0.472626 -0.880851 0.0269365 150.054 0.880706 0.473193 0.0210838 115.779 -0.0313179 0.0137584 0.999415 -3.85121
0.471411 -0.881811 0.0134837 150.421 0.881663 0.471586 0.0166497 116.485 -0.0210407 0.00403924 0.99977 -3.86908
0.469501 -0.882885 0.0091305 150.794 0.882749 0.469589 0.0155228 117.234 -0.0179924 0.00077197 0.999838 -3.89783
0.467764 -0.883745 0.013869 151.198 0.883621 0.467943 0.0155687 117.996 -0.0202486 0.00497248 0.999783 -3.90518
0.466167 -0.884441 0.0212593 151.589 0.88434 0.466527 0.0171644 118.748 -0.025099 0.010799 0.999627 -3.91792
0.465749 -0.884661 0.0212583 151.99 0.884342 0.466178 0.0248333 119.514 -0.0318792 0.00723356 0.999466 -3.94839
0.464753 -0.885122 0.0237263 152.42 0.88478 0.465274 0.0261519 120.284 -0.0341869 0.00883836 0.999376 -3.97771
0.463258 -0.885858 0.0254593 152.791 0.885836 0.463714 0.0162393 121.021 -0.0261915 0.0150298 0.999544 -3.99348
0.461551 -0.886764 0.0248921 153.202 0.886966 0.461804 0.00525348 121.787 -0.0161539 0.0196537 0.999676 -3.99014
0.460143 -0.887487 0.0251903 153.615 0.887776 0.460275 -0.000644594 122.502 -0.0110224 0.0226599 0.999682 -4.00754
0.458537 -0.88834 0.0244264 153.928 0.888538 0.458775 0.00495762 123.221 -0.0156103 0.0194305 0.999689 -3.98604
0.457215 -0.889052 0.0232746 154.345 0.889081 0.457568 0.0128981 124.041 -0.0221168 0.0147958 0.999646 -4.00743
0.456003 -0.889531 0.0282233 154.757 0.889596 0.456507 0.0148615 124.824 -0.0261039 0.0183304 0.999491 -4.00704
0.455485 -0.889612 0.0335165 155.11 0.889935 0.455995 0.00914944 125.552 -0.0234228 0.0256601 0.999396 -4.00072
0.455622 -0.889697 0.0291067 155.489 0.889993 0.455944 0.00520808 126.346 -0.0179046 0.0235319 0.999563 -3.99829
0.455435 -0.890015 0.0212617 155.827 0.8901 0.455684 0.00860501 127.041 -0.0173472 0.015006 0.999737 -4.02543
0.454693 -0.890482 0.0172253 156.18 0.890444 0.454918 0.0126334 127.758 -0.0190859 0.00959383 0.999772 -4.02087
0.454255 -0.890639 0.0203633 156.591 0.890605 0.45456 0.0140861 128.587 -0.021802 0.0117369 0.999693 -3.9915
0.45348 -0.890991 0.0221362 156.953 0.890926 0.453854 0.0163762 129.342 -0.0246377 0.0122954 0.999621 -3.99156
0.453503 -0.890997 0.0214388 157.306 0.89094 0.453851 0.0156738 130.063 -0.0236953 0.0119925 0.999647 -3.98176
0.452748 -0.89133 0.0234791 157.679 0.891383 0.453092 0.0120419 130.811 -0.0213715 0.0154769 0.999652 -4.01438
0.451364 -0.892041 0.0230978 158.001 0.892183 0.451618 0.00703419 131.485 -0.0167062 0.0174325 0.999708 -3.99943
0.450782 -0.892495 0.015774 158.365 0.89245 0.450977 0.0123357 132.221 -0.0181233 0.00851677 0.999799 -4.04212
0.449231 -0.893354 0.0104873 158.724 0.893101 0.449354 0.0212443 132.958 -0.0236912 -0.000177404 0.999719 -4.06242
0.447102 -0.894266 0.0197228 159.09 0.893861 0.447504 0.0274376 133.687 -0.0333626 0.00536199 0.999429 -4.01298
0.446402 -0.89409 0.0364563 159.421 0.894143 0.447287 0.021056 134.325 -0.0351324 0.0231977 0.999113 -4.02257
0.445753 -0.894143 0.0425777 159.74 0.894574 0.446674 0.0148432 134.961 -0.0322903 0.0314724 0.998983 -4.03891
0.446905 -0.894184 0.0266527 160.095 0.894257 0.447347 0.0136131 135.657 -0.0240956 0.0177506 0.999552 -4.06618
0.448025 -0.893816 0.0191416 160.459 0.893817 0.448278 0.0117668 136.332 -0.0190981 0.0118373 0.999748 -4.07613
0.448406 -0.893507 0.024034 160.772 0.893707 0.448629 0.00456477 136.964 -0.014861 0.0194325 0.999701 -4.08232
0.451078 -0.89214 0.0247849 161.071 0.892397 0.451248 0.00142969 137.587 -0.0124596 0.0214731 0.999692 -4.09396
0.455125 -0.890152 0.022163 161.384 0.89035 0.455273 0.0018553 138.213 -0.0117417 0.0188884 0.999753 -4.08355
